StreetAddressID	Year	UnImprovedValue	YearlyGrowthRation
2	2009-2010	1029000.0	0.0
2	2010-2011	1076000.0	4.56754130223518
2	2011-2012	1076000.0	0.0
2	2012-2013	1076000.0	0.0
2	2013-2014	1076000.0	0.0
2	2014-2015	1076000.0	0.0
2	2015-2016	1117000.0	3.8104089219330852
2	2016-2017	1146000.0	2.5962399283795885
2	2017-2018	1293000.0	12.827225130890053
2	2018-2019	1411000.0	9.126063418406806
2	2019-2020	1440000.0	2.0552799433026223
3	2009-2010	947000.0	0.0
3	2010-2011	990000.0	4.540654699049631
3	2011-2012	990000.0	0.0
3	2012-2013	990000.0	0.0
3	2013-2014	990000.0	0.0
3	2014-2015	990000.0	0.0
3	2015-2016	1028000.0	3.8383838383838382
3	2016-2017	1055000.0	2.6264591439688716
3	2017-2018	1190000.0	12.796208530805686
3	2018-2019	1298000.0	9.07563025210084
3	2019-2020	1325000.0	2.0801232665639446
4	2009-2010	947000.0	0.0
4	2010-2011	990000.0	4.540654699049631
4	2011-2012	990000.0	0.0
4	2012-2013	990000.0	0.0
4	2013-2014	990000.0	0.0
4	2014-2015	990000.0	0.0
4	2015-2016	1028000.0	3.8383838383838382
4	2016-2017	1055000.0	2.6264591439688716
4	2017-2018	1190000.0	12.796208530805686
4	2018-2019	1298000.0	9.07563025210084
4	2019-2020	1325000.0	2.0801232665639446
5	2009-2010	930000.0	0.0
5	2010-2011	973000.0	4.623655913978494
5	2011-2012	973000.0	0.0
5	2012-2013	973000.0	0.0
5	2013-2014	973000.0	0.0
5	2014-2015	973000.0	0.0
5	2015-2016	1010000.0	3.802672147995889
5	2016-2017	1037000.0	2.6732673267326734
5	2017-2018	1170000.0	12.825458052073287
5	2018-2019	1276000.0	9.05982905982906
5	2019-2020	1303000.0	2.115987460815047
6	2009-2010	897000.0	0.0
6	2010-2011	938000.0	4.570791527313267
6	2011-2012	938000.0	0.0
6	2012-2013	938000.0	0.0
6	2013-2014	938000.0	0.0
6	2014-2015	938000.0	0.0
6	2015-2016	974000.0	3.8379530916844353
6	2016-2017	1000000.0	2.6694045174537986
6	2017-2018	1128000.0	12.8
6	2018-2019	1231000.0	9.131205673758865
6	2019-2020	1257000.0	2.1121039805036554
7	2009-2010	875000.0	0.0
7	2010-2011	915000.0	4.571428571428571
7	2011-2012	915000.0	0.0
7	2012-2013	915000.0	0.0
7	2013-2014	915000.0	0.0
7	2014-2015	915000.0	0.0
7	2015-2016	950000.0	3.825136612021858
7	2016-2017	975000.0	2.631578947368421
7	2017-2018	1100000.0	12.82051282051282
7	2018-2019	1200000.0	9.090909090909092
7	2019-2020	1225000.0	2.083333333333333
8	2009-2010	967000.0	0.0
8	2010-2011	1014000.0	4.860392967942089
8	2011-2012	1014000.0	0.0
8	2012-2013	1014000.0	0.0
8	2013-2014	1014000.0	0.0
8	2014-2015	1014000.0	0.0
8	2015-2016	1070000.0	5.522682445759369
8	2016-2017	1098000.0	2.6168224299065423
8	2017-2018	1239000.0	12.841530054644808
8	2018-2019	1352000.0	9.120258272800646
8	2019-2020	1380000.0	2.0710059171597637
9	2009-2010	814000.0	0.0
9	2010-2011	851000.0	4.545454545454546
9	2011-2012	851000.0	0.0
9	2012-2013	851000.0	0.0
9	2013-2014	851000.0	0.0
9	2014-2015	851000.0	0.0
9	2015-2016	884000.0	3.8777908343125738
9	2016-2017	907000.0	2.6018099547511313
9	2017-2018	1023000.0	12.78941565600882
9	2018-2019	1116000.0	9.090909090909092
9	2019-2020	1139000.0	2.0609318996415773
10	2009-2010	871000.0	0.0
10	2010-2011	913000.0	4.822043628013777
10	2011-2012	913000.0	0.0
10	2012-2013	913000.0	0.0
10	2013-2014	913000.0	0.0
10	2014-2015	913000.0	0.0
10	2015-2016	964000.0	5.585980284775466
10	2016-2017	989000.0	2.5933609958506225
10	2017-2018	1116000.0	12.841253791708795
10	2018-2019	1217000.0	9.050179211469533
10	2019-2020	1242000.0	2.0542317173377156
11	2009-2010	1005000.0	0.0
11	2010-2011	1051000.0	4.577114427860696
11	2011-2012	1051000.0	0.0
11	2012-2013	1051000.0	0.0
11	2013-2014	1051000.0	0.0
11	2014-2015	1051000.0	0.0
11	2015-2016	0.0	0.0
11	2016-2017	0.0	0.0
11	2017-2018	0.0	0.0
11	2018-2019	0.0	0.0
11	2019-2020	1400000.0	33.206470028544246
12	2009-2010	894000.0	0.0
12	2010-2011	937000.0	4.809843400447427
12	2011-2012	937000.0	0.0
12	2012-2013	937000.0	0.0
12	2013-2014	937000.0	0.0
12	2014-2015	937000.0	0.0
12	2015-2016	989000.0	5.549626467449306
12	2016-2017	1015000.0	2.62891809908999
12	2017-2018	1145000.0	12.807881773399016
12	2018-2019	1249000.0	9.08296943231441
12	2019-2020	1275000.0	2.0816653322658127
13	2009-2010	996000.0	0.0
13	2010-2011	1042000.0	4.618473895582329
13	2011-2012	1042000.0	0.0
13	2012-2013	1042000.0	0.0
13	2013-2014	1042000.0	0.0
13	2014-2015	1042000.0	0.0
13	2015-2016	1082000.0	3.8387715930902107
13	2016-2017	1110000.0	2.5878003696857674
13	2017-2018	1252000.0	12.792792792792792
13	2018-2019	1366000.0	9.105431309904153
13	2019-2020	1394000.0	2.049780380673499
14	2009-2010	887000.0	0.0
14	2010-2011	930000.0	4.8478015783540025
14	2011-2012	930000.0	0.0
14	2012-2013	930000.0	0.0
14	2013-2014	930000.0	0.0
14	2014-2015	930000.0	0.0
14	2015-2016	982000.0	5.591397849462366
14	2016-2017	1008000.0	2.6476578411405294
14	2017-2018	1137000.0	12.797619047619047
14	2018-2019	1240000.0	9.058927000879507
14	2019-2020	1266000.0	2.0967741935483875
326	2009-2010	0.0	0.0
326	2010-2011	0.0	0.0
326	2011-2012	0.0	0.0
326	2012-2013	0.0	0.0
326	2013-2014	0.0	0.0
326	2014-2015	0.0	0.0
326	2015-2016	10880000.0	0.0
326	2016-2017	10880000.0	0.0
326	2017-2018	10880000.0	0.0
326	2018-2019	10880000.0	0.0
326	2019-2020	10880000.0	0.0
337	2009-2010	0.0	0.0
337	2010-2011	0.0	0.0
337	2011-2012	0.0	0.0
337	2012-2013	0.0	0.0
337	2013-2014	0.0	0.0
337	2014-2015	0.0	0.0
337	2015-2016	10880000.0	0.0
337	2016-2017	10880000.0	0.0
337	2017-2018	10880000.0	0.0
337	2018-2019	10880000.0	0.0
337	2019-2020	10880000.0	0.0
386	2009-2010	1534000.0	0.0
386	2010-2011	1534000.0	0.0
386	2011-2012	1457000.0	-5.019556714471968
386	2012-2013	1384000.0	-5.010295126973233
386	2013-2014	1384000.0	0.0
386	2014-2015	1384000.0	0.0
386	2015-2016	1384000.0	0.0
386	2016-2017	1384000.0	0.0
386	2017-2018	1384000.0	0.0
386	2018-2019	1384000.0	0.0
386	2019-2020	1384000.0	0.0
392	2009-2010	42653000.0	0.0
392	2010-2011	46918000.0	9.99929664970811
392	2011-2012	51610000.0	10.000426275629822
392	2012-2013	51610000.0	0.0
392	2013-2014	51610000.0	0.0
392	2014-2015	51610000.0	0.0
392	2015-2016	51610000.0	0.0
392	2016-2017	51609948.0	-0.00010075566750629722
392	2017-2018	51609948.0	0.0
392	2018-2019	51609948.0	0.0
392	2019-2020	51609948.0	0.0
403	2009-2010	42653000.0	0.0
403	2010-2011	46918000.0	9.99929664970811
403	2011-2012	51610000.0	10.000426275629822
403	2012-2013	51610000.0	0.0
403	2013-2014	51610000.0	0.0
403	2014-2015	51610000.0	0.0
403	2015-2016	51610000.0	0.0
403	2016-2017	51609948.0	-0.00010075566750629722
403	2017-2018	51609948.0	0.0
403	2018-2019	51609948.0	0.0
403	2019-2020	51609948.0	0.0
414	2009-2010	42653000.0	0.0
414	2010-2011	46918000.0	9.99929664970811
414	2011-2012	51610000.0	10.000426275629822
414	2012-2013	51610000.0	0.0
414	2013-2014	51610000.0	0.0
414	2014-2015	51610000.0	0.0
414	2015-2016	51610000.0	0.0
414	2016-2017	51609948.0	-0.00010075566750629722
414	2017-2018	51609948.0	0.0
414	2018-2019	51609948.0	0.0
414	2019-2020	51609948.0	0.0
423	2009-2010	42653000.0	0.0
423	2010-2011	46918000.0	9.99929664970811
423	2011-2012	51610000.0	10.000426275629822
423	2012-2013	51610000.0	0.0
423	2013-2014	51610000.0	0.0
423	2014-2015	51610000.0	0.0
423	2015-2016	51610000.0	0.0
423	2016-2017	51609948.0	-0.00010075566750629722
423	2017-2018	51609948.0	0.0
423	2018-2019	51609948.0	0.0
423	2019-2020	51609948.0	0.0
445	2009-2010	1542000.0	0.0
445	2010-2011	1542000.0	0.0
445	2011-2012	1465000.0	-4.993514915693904
445	2012-2013	1465000.0	0.0
445	2013-2014	1465000.0	0.0
445	2014-2015	1465000.0	0.0
445	2015-2016	1465000.0	0.0
445	2016-2017	1465000.0	0.0
445	2017-2018	1465000.0	0.0
445	2018-2019	1925000.0	31.399317406143346
445	2019-2020	1925000.0	0.0
450	2009-2010	319000.0	0.0
450	2010-2011	650000.0	103.76175548589342
450	2011-2012	475000.0	-26.923076923076923
450	2012-2013	475000.0	0.0
450	2013-2014	475000.0	0.0
450	2014-2015	475000.0	0.0
450	2015-2016	475000.0	0.0
450	2016-2017	475000.0	0.0
450	2017-2018	475000.0	0.0
450	2018-2019	475000.0	0.0
450	2019-2020	475000.0	0.0
459	2009-2010	970000.0	0.0
459	2010-2011	922000.0	-4.948453608247423
459	2011-2012	876000.0	-4.989154013015185
459	2012-2013	832000.0	-5.0228310502283104
459	2013-2014	790000.0	-5.048076923076923
459	2014-2015	790000.0	0.0
459	2015-2016	790000.0	0.0
459	2016-2017	790000.0	0.0
459	2017-2018	790000.0	0.0
459	2018-2019	790000.0	0.0
459	2019-2020	790000.0	0.0
468	2009-2010	1617000.0	0.0
468	2010-2011	1536000.0	-5.009276437847866
468	2011-2012	1459000.0	-5.013020833333334
468	2012-2013	1386000.0	-5.003427004797807
468	2013-2014	1317000.0	-4.978354978354979
468	2014-2015	1317000.0	0.0
468	2015-2016	1317000.0	0.0
468	2016-2017	1317000.0	0.0
468	2017-2018	1317000.0	0.0
468	2018-2019	1317000.0	0.0
468	2019-2020	1317000.0	0.0
483	2009-2010	1090000.0	0.0
483	2010-2011	1036000.0	-4.954128440366973
483	2011-2012	984000.0	-5.019305019305019
483	2012-2013	935000.0	-4.979674796747967
483	2013-2014	888000.0	-5.026737967914439
483	2014-2015	888000.0	0.0
483	2015-2016	888000.0	0.0
483	2016-2017	888000.0	0.0
483	2017-2018	888000.0	0.0
483	2018-2019	888000.0	0.0
483	2019-2020	888000.0	0.0
492	2009-2010	25000000.0	0.0
492	2010-2011	27000000.0	8.0
492	2011-2012	25650000.0	-5.0
492	2012-2013	24368000.0	-4.9980506822612085
492	2013-2014	23150000.0	-4.998358502954694
492	2014-2015	23150000.0	0.0
492	2015-2016	23150000.0	0.0
492	2016-2017	23150000.0	0.0
492	2017-2018	23150000.0	0.0
492	2018-2019	23150000.0	0.0
492	2019-2020	23150000.0	0.0
547	2009-2010	0.0	0.0
547	2010-2011	0.0	0.0
547	2011-2012	0.0	0.0
547	2012-2013	0.0	0.0
547	2013-2014	0.0	0.0
547	2014-2015	0.0	0.0
547	2015-2016	10880000.0	0.0
547	2016-2017	10880000.0	0.0
547	2017-2018	10880000.0	0.0
547	2018-2019	10880000.0	0.0
547	2019-2020	10880000.0	0.0
600	2009-2010	0.0	0.0
600	2010-2011	0.0	0.0
600	2011-2012	0.0	0.0
600	2012-2013	0.0	0.0
600	2013-2014	0.0	0.0
600	2014-2015	0.0	0.0
600	2015-2016	0.0	0.0
600	2016-2017	0.0	0.0
600	2017-2018	5410000.0	0.0
600	2018-2019	5410000.0	0.0
600	2019-2020	5410000.0	0.0
601	2009-2010	6840000.0	0.0
601	2010-2011	7524000.0	10.0
601	2011-2012	8276000.0	9.994683678894205
601	2012-2013	8276000.0	0.0
601	2013-2014	8690000.0	5.00241662638956
601	2014-2015	8690000.0	0.0
601	2015-2016	8690000.0	0.0
601	2016-2017	8690000.0	0.0
601	2017-2018	8690000.0	0.0
601	2018-2019	8690000.0	0.0
601	2019-2020	8690000.0	0.0
602	2009-2010	0.0	0.0
602	2010-2011	0.0	0.0
602	2011-2012	0.0	0.0
602	2012-2013	0.0	0.0
602	2013-2014	0.0	0.0
602	2014-2015	0.0	0.0
602	2015-2016	0.0	0.0
602	2016-2017	0.0	0.0
602	2017-2018	5410000.0	0.0
602	2018-2019	5410000.0	0.0
602	2019-2020	5410000.0	0.0
625	2009-2010	0.0	0.0
625	2010-2011	0.0	0.0
625	2011-2012	0.0	0.0
625	2012-2013	0.0	0.0
625	2013-2014	0.0	0.0
625	2014-2015	0.0	0.0
625	2015-2016	0.0	0.0
625	2016-2017	0.0	0.0
625	2017-2018	5410000.0	0.0
625	2018-2019	5410000.0	0.0
625	2019-2020	5410000.0	0.0
721	2009-2010	42653000.0	0.0
721	2010-2011	46918000.0	9.99929664970811
721	2011-2012	51610000.0	10.000426275629822
721	2012-2013	51610000.0	0.0
721	2013-2014	51610000.0	0.0
721	2014-2015	51610000.0	0.0
721	2015-2016	51610000.0	0.0
721	2016-2017	51609948.0	-0.00010075566750629722
721	2017-2018	51609948.0	0.0
721	2018-2019	51609948.0	0.0
721	2019-2020	51609948.0	0.0
723	2009-2010	42653000.0	0.0
723	2010-2011	46918000.0	9.99929664970811
723	2011-2012	51610000.0	10.000426275629822
723	2012-2013	51610000.0	0.0
723	2013-2014	51610000.0	0.0
723	2014-2015	51610000.0	0.0
723	2015-2016	51610000.0	0.0
723	2016-2017	51609948.0	-0.00010075566750629722
723	2017-2018	51609948.0	0.0
723	2018-2019	51609948.0	0.0
723	2019-2020	51609948.0	0.0
732	2009-2010	42653000.0	0.0
732	2010-2011	46918000.0	9.99929664970811
732	2011-2012	51610000.0	10.000426275629822
732	2012-2013	51610000.0	0.0
732	2013-2014	51610000.0	0.0
732	2014-2015	51610000.0	0.0
732	2015-2016	51610000.0	0.0
732	2016-2017	51609948.0	-0.00010075566750629722
732	2017-2018	51609948.0	0.0
732	2018-2019	51609948.0	0.0
732	2019-2020	51609948.0	0.0
741	2009-2010	42653000.0	0.0
741	2010-2011	46918000.0	9.99929664970811
741	2011-2012	51610000.0	10.000426275629822
741	2012-2013	51610000.0	0.0
741	2013-2014	51610000.0	0.0
741	2014-2015	51610000.0	0.0
741	2015-2016	51610000.0	0.0
741	2016-2017	51609948.0	-0.00010075566750629722
741	2017-2018	51609948.0	0.0
741	2018-2019	51609948.0	0.0
741	2019-2020	51609948.0	0.0
750	2009-2010	42653000.0	0.0
750	2010-2011	46918000.0	9.99929664970811
750	2011-2012	51610000.0	10.000426275629822
750	2012-2013	51610000.0	0.0
750	2013-2014	51610000.0	0.0
750	2014-2015	51610000.0	0.0
750	2015-2016	51610000.0	0.0
750	2016-2017	51609948.0	-0.00010075566750629722
750	2017-2018	51609948.0	0.0
750	2018-2019	51609948.0	0.0
750	2019-2020	51609948.0	0.0
760	2009-2010	1250000.0	0.0
760	2010-2011	1250000.0	0.0
760	2011-2012	1188000.0	-4.96
760	2012-2013	1188000.0	0.0
760	2013-2014	1188000.0	0.0
760	2014-2015	1188000.0	0.0
760	2015-2016	1188000.0	0.0
760	2016-2017	1188000.0	0.0
760	2017-2018	1188000.0	0.0
760	2018-2019	1188000.0	0.0
760	2019-2020	1247000.0	4.966329966329966
764	2009-2010	1250000.0	0.0
764	2010-2011	1250000.0	0.0
764	2011-2012	1188000.0	-4.96
764	2012-2013	1188000.0	0.0
764	2013-2014	1188000.0	0.0
764	2014-2015	1188000.0	0.0
764	2015-2016	1188000.0	0.0
764	2016-2017	1188000.0	0.0
764	2017-2018	1188000.0	0.0
764	2018-2019	1188000.0	0.0
764	2019-2020	1247000.0	4.966329966329966
773	2009-2010	1250000.0	0.0
773	2010-2011	1250000.0	0.0
773	2011-2012	1188000.0	-4.96
773	2012-2013	1188000.0	0.0
773	2013-2014	1188000.0	0.0
773	2014-2015	1188000.0	0.0
773	2015-2016	1188000.0	0.0
773	2016-2017	1188000.0	0.0
773	2017-2018	1188000.0	0.0
773	2018-2019	1188000.0	0.0
773	2019-2020	1247000.0	4.966329966329966
780	2009-2010	990000.0	0.0
780	2010-2011	941000.0	-4.94949494949495
780	2011-2012	894000.0	-4.994686503719448
780	2012-2013	849000.0	-5.033557046979865
780	2013-2014	807000.0	-4.946996466431095
780	2014-2015	807000.0	0.0
780	2015-2016	807000.0	0.0
780	2016-2017	807000.0	0.0
780	2017-2018	807000.0	0.0
780	2018-2019	807000.0	0.0
780	2019-2020	807000.0	0.0
781	2009-2010	990000.0	0.0
781	2010-2011	941000.0	-4.94949494949495
781	2011-2012	894000.0	-4.994686503719448
781	2012-2013	849000.0	-5.033557046979865
781	2013-2014	807000.0	-4.946996466431095
781	2014-2015	807000.0	0.0
781	2015-2016	807000.0	0.0
781	2016-2017	807000.0	0.0
781	2017-2018	807000.0	0.0
781	2018-2019	807000.0	0.0
781	2019-2020	807000.0	0.0
800	2009-2010	17233000.0	0.0
800	2010-2011	18956000.0	9.998259153948819
800	2011-2012	20852000.0	10.002110149820636
800	2012-2013	20852000.0	0.0
800	2013-2014	20852000.0	0.0
800	2014-2015	20852000.0	0.0
800	2015-2016	20852000.0	0.0
800	2016-2017	20852000.0	0.0
800	2017-2018	20852000.0	0.0
800	2018-2019	20852000.0	0.0
800	2019-2020	20852000.0	0.0
801	2009-2010	2101000.0	0.0
801	2010-2011	2101000.0	0.0
801	2011-2012	1996000.0	-4.997620180866255
801	2012-2013	1896000.0	-5.01002004008016
801	2013-2014	1801000.0	-5.010548523206751
801	2014-2015	1801000.0	0.0
801	2015-2016	1801000.0	0.0
801	2016-2017	1801000.0	0.0
801	2017-2018	1801000.0	0.0
801	2018-2019	1801000.0	0.0
801	2019-2020	1801000.0	0.0
802	2009-2010	17233000.0	0.0
802	2010-2011	18956000.0	9.998259153948819
802	2011-2012	20852000.0	10.002110149820636
802	2012-2013	20852000.0	0.0
802	2013-2014	20852000.0	0.0
802	2014-2015	20852000.0	0.0
802	2015-2016	20852000.0	0.0
802	2016-2017	20852000.0	0.0
802	2017-2018	20852000.0	0.0
802	2018-2019	20852000.0	0.0
802	2019-2020	20852000.0	0.0
803	2009-2010	620000.0	0.0
803	2010-2011	620000.0	0.0
803	2011-2012	589000.0	-5.0
803	2012-2013	560000.0	-4.923599320882852
803	2013-2014	560000.0	0.0
803	2014-2015	560000.0	0.0
803	2015-2016	560000.0	0.0
803	2016-2017	560000.0	0.0
803	2017-2018	560000.0	0.0
803	2018-2019	560000.0	0.0
803	2019-2020	560000.0	0.0
804	2009-2010	1139000.0	0.0
804	2010-2011	1139000.0	0.0
804	2011-2012	1082000.0	-5.004389815627744
804	2012-2013	1082000.0	0.0
804	2013-2014	1082000.0	0.0
804	2014-2015	1082000.0	0.0
804	2015-2016	1082000.0	0.0
804	2016-2017	1082000.0	0.0
804	2017-2018	1082000.0	0.0
804	2018-2019	1082000.0	0.0
804	2019-2020	1136000.0	4.990757855822551
805	2009-2010	2890000.0	0.0
805	2010-2011	2746000.0	-4.982698961937716
805	2011-2012	2609000.0	-4.989075018208303
805	2012-2013	2479000.0	-4.9827520122652365
805	2013-2014	2355000.0	-5.00201694231545
805	2014-2015	2355000.0	0.0
805	2015-2016	2355000.0	0.0
805	2016-2017	2355000.0	0.0
805	2017-2018	2355000.0	0.0
805	2018-2019	2360000.0	0.21231422505307856
805	2019-2020	2360000.0	0.0
815	2009-2010	2277000.0	0.0
815	2010-2011	2277000.0	0.0
815	2011-2012	2163000.0	-5.006587615283268
815	2012-2013	2163000.0	0.0
815	2013-2014	2163000.0	0.0
815	2014-2015	2163000.0	0.0
815	2015-2016	2163000.0	0.0
815	2016-2017	2163000.0	0.0
815	2017-2018	2163000.0	0.0
815	2018-2019	3025000.0	39.85205732778548
815	2019-2020	3025000.0	0.0
825	2009-2010	2024000.0	0.0
825	2010-2011	2024000.0	0.0
825	2011-2012	1923000.0	-4.9901185770750995
825	2012-2013	1827000.0	-4.99219968798752
825	2013-2014	1827000.0	0.0
825	2014-2015	1827000.0	0.0
825	2015-2016	1827000.0	0.0
825	2016-2017	1827000.0	0.0
825	2017-2018	1827000.0	0.0
825	2018-2019	1827000.0	0.0
825	2019-2020	1827000.0	0.0
846	2009-2010	1334000.0	0.0
846	2010-2011	1267000.0	-5.022488755622189
846	2011-2012	1204000.0	-4.972375690607735
846	2012-2013	1144000.0	-4.983388704318937
846	2013-2014	1087000.0	-4.9825174825174825
846	2014-2015	1087000.0	0.0
846	2015-2016	1087000.0	0.0
846	2016-2017	1087000.0	0.0
846	2017-2018	1087000.0	0.0
846	2018-2019	1087000.0	0.0
846	2019-2020	2500000.0	129.99080036798526
851	2009-2010	4912000.0	0.0
851	2010-2011	5403000.0	9.995928338762216
851	2011-2012	5944000.0	10.012955765315565
851	2012-2013	5944000.0	0.0
851	2013-2014	6241000.0	4.996635262449529
851	2014-2015	6241000.0	0.0
851	2015-2016	6241000.0	0.0
851	2016-2017	6241000.0	0.0
851	2017-2018	6241000.0	0.0
851	2018-2019	10545000.0	68.96330716231374
851	2019-2020	10545000.0	0.0
854	2009-2010	25000000.0	0.0
854	2010-2011	27000000.0	8.0
854	2011-2012	25650000.0	-5.0
854	2012-2013	24368000.0	-4.9980506822612085
854	2013-2014	23150000.0	-4.998358502954694
854	2014-2015	23150000.0	0.0
854	2015-2016	23150000.0	0.0
854	2016-2017	23150000.0	0.0
854	2017-2018	23150000.0	0.0
854	2018-2019	23150000.0	0.0
854	2019-2020	23150000.0	0.0
857	2009-2010	0.0	0.0
857	2010-2011	0.0	0.0
857	2011-2012	0.0	0.0
857	2012-2013	0.0	0.0
857	2013-2014	0.0	0.0
857	2014-2015	0.0	0.0
857	2015-2016	0.0	0.0
857	2016-2017	0.0	0.0
857	2017-2018	5410000.0	0.0
857	2018-2019	5410000.0	0.0
857	2019-2020	5410000.0	0.0
950	2009-2010	0.0	0.0
950	2010-2011	0.0	0.0
950	2011-2012	0.0	0.0
950	2012-2013	9438000.0	0.0
950	2013-2014	9438000.0	0.0
950	2014-2015	9438000.0	0.0
950	2015-2016	9438000.0	0.0
950	2016-2017	9438000.0	0.0
950	2017-2018	9438000.0	0.0
950	2018-2019	9438000.0	0.0
950	2019-2020	9438000.0	0.0
975	2009-2010	0.0	0.0
975	2010-2011	0.0	0.0
975	2011-2012	7714000.0	0.0
975	2012-2013	7714000.0	0.0
975	2013-2014	7714000.0	0.0
975	2014-2015	7714000.0	0.0
975	2015-2016	7714000.0	0.0
975	2016-2017	7714000.0	0.0
975	2017-2018	7714000.0	0.0
975	2018-2019	7714000.0	0.0
975	2019-2020	7714000.0	0.0
981	2009-2010	0.0	0.0
981	2010-2011	0.0	0.0
981	2011-2012	7714000.0	0.0
981	2012-2013	7714000.0	0.0
981	2013-2014	7714000.0	0.0
981	2014-2015	7714000.0	0.0
981	2015-2016	7714000.0	0.0
981	2016-2017	7714000.0	0.0
981	2017-2018	7714000.0	0.0
981	2018-2019	7714000.0	0.0
981	2019-2020	7714000.0	0.0
992	2009-2010	6840000.0	0.0
992	2010-2011	7524000.0	10.0
992	2011-2012	8276000.0	9.994683678894205
992	2012-2013	8276000.0	0.0
992	2013-2014	8690000.0	5.00241662638956
992	2014-2015	8690000.0	0.0
992	2015-2016	8690000.0	0.0
992	2016-2017	8690000.0	0.0
992	2017-2018	8690000.0	0.0
992	2018-2019	8690000.0	0.0
992	2019-2020	8690000.0	0.0
995	2009-2010	17233000.0	0.0
995	2010-2011	18956000.0	9.998259153948819
995	2011-2012	20852000.0	10.002110149820636
995	2012-2013	20852000.0	0.0
995	2013-2014	20852000.0	0.0
995	2014-2015	20852000.0	0.0
995	2015-2016	20852000.0	0.0
995	2016-2017	20852000.0	0.0
995	2017-2018	20852000.0	0.0
995	2018-2019	20852000.0	0.0
995	2019-2020	20852000.0	0.0
1003	2009-2010	17233000.0	0.0
1003	2010-2011	18956000.0	9.998259153948819
1003	2011-2012	20852000.0	10.002110149820636
1003	2012-2013	20852000.0	0.0
1003	2013-2014	20852000.0	0.0
1003	2014-2015	20852000.0	0.0
1003	2015-2016	20852000.0	0.0
1003	2016-2017	20852000.0	0.0
1003	2017-2018	20852000.0	0.0
1003	2018-2019	20852000.0	0.0
1003	2019-2020	20852000.0	0.0
1006	2009-2010	832000.0	0.0
1006	2010-2011	872000.0	4.807692307692308
1006	2011-2012	872000.0	0.0
1006	2012-2013	872000.0	0.0
1006	2013-2014	872000.0	0.0
1006	2014-2015	872000.0	0.0
1006	2015-2016	920000.0	5.5045871559633035
1006	2016-2017	944000.0	2.608695652173913
1006	2017-2018	1065000.0	12.817796610169491
1006	2018-2019	1162000.0	9.107981220657276
1006	2019-2020	1186000.0	2.0654044750430294
1010	2009-2010	0.0	0.0
1010	2010-2011	0.0	0.0
1010	2011-2012	0.0	0.0
1010	2012-2013	0.0	0.0
1010	2013-2014	2440000.0	0.0
1010	2014-2015	2440000.0	0.0
1010	2015-2016	2440000.0	0.0
1010	2016-2017	2440000.0	0.0
1010	2017-2018	2440000.0	0.0
1010	2018-2019	2440000.0	0.0
1010	2019-2020	2440000.0	0.0
1013	2009-2010	834000.0	0.0
1013	2010-2011	874000.0	4.796163069544365
1013	2011-2012	874000.0	0.0
1013	2012-2013	874000.0	0.0
1013	2013-2014	874000.0	0.0
1013	2014-2015	874000.0	0.0
1013	2015-2016	923000.0	5.606407322654462
1013	2016-2017	947000.0	2.600216684723727
1013	2017-2018	1068000.0	12.777191129883844
1013	2018-2019	1165000.0	9.082397003745319
1013	2019-2020	1189000.0	2.060085836909871
1016	2009-2010	10254000.0	0.0
1016	2010-2011	11279000.0	9.996099083284573
1016	2011-2012	12407000.0	10.00088660342229
1016	2012-2013	12407000.0	0.0
1016	2013-2014	13027000.0	4.99717901184815
1016	2014-2015	13027000.0	0.0
1016	2015-2016	13027000.0	0.0
1016	2016-2017	13027000.0	0.0
1016	2017-2018	13027000.0	0.0
1016	2018-2019	13027000.0	0.0
1016	2019-2020	13027000.0	0.0
1019	2009-2010	862000.0	0.0
1019	2010-2011	903000.0	4.756380510440835
1019	2011-2012	903000.0	0.0
1019	2012-2013	903000.0	0.0
1019	2013-2014	903000.0	0.0
1019	2014-2015	903000.0	0.0
1019	2015-2016	953000.0	5.537098560354374
1019	2016-2017	978000.0	2.6232948583420774
1019	2017-2018	1103000.0	12.781186094069529
1019	2018-2019	1203000.0	9.066183136899365
1019	2019-2020	1228000.0	2.0781379883624274
1022	2009-2010	10254000.0	0.0
1022	2010-2011	11279000.0	9.996099083284573
1022	2011-2012	12407000.0	10.00088660342229
1022	2012-2013	12407000.0	0.0
1022	2013-2014	13027000.0	4.99717901184815
1022	2014-2015	13027000.0	0.0
1022	2015-2016	13027000.0	0.0
1022	2016-2017	13027000.0	0.0
1022	2017-2018	13027000.0	0.0
1022	2018-2019	13027000.0	0.0
1022	2019-2020	13027000.0	0.0
1025	2009-2010	832000.0	0.0
1025	2010-2011	872000.0	4.807692307692308
1025	2011-2012	872000.0	0.0
1025	2012-2013	872000.0	0.0
1025	2013-2014	872000.0	0.0
1025	2014-2015	872000.0	0.0
1025	2015-2016	920000.0	5.5045871559633035
1025	2016-2017	944000.0	2.608695652173913
1025	2017-2018	1065000.0	12.817796610169491
1025	2018-2019	1162000.0	9.107981220657276
1025	2019-2020	1186000.0	2.0654044750430294
1028	2009-2010	10254000.0	0.0
1028	2010-2011	11279000.0	9.996099083284573
1028	2011-2012	12407000.0	10.00088660342229
1028	2012-2013	12407000.0	0.0
1028	2013-2014	13027000.0	4.99717901184815
1028	2014-2015	13027000.0	0.0
1028	2015-2016	13027000.0	0.0
1028	2016-2017	13027000.0	0.0
1028	2017-2018	13027000.0	0.0
1028	2018-2019	13027000.0	0.0
1028	2019-2020	13027000.0	0.0
1031	2009-2010	803000.0	0.0
1031	2010-2011	842000.0	4.85678704856787
1031	2011-2012	842000.0	0.0
1031	2012-2013	842000.0	0.0
1031	2013-2014	842000.0	0.0
1031	2014-2015	842000.0	0.0
1031	2015-2016	889000.0	5.581947743467933
1031	2016-2017	912000.0	2.5871766029246346
1031	2017-2018	1029000.0	12.828947368421053
1031	2018-2019	1123000.0	9.13508260447036
1031	2019-2020	1146000.0	2.0480854853072126
1034	2009-2010	10254000.0	0.0
1034	2010-2011	11279000.0	9.996099083284573
1034	2011-2012	12407000.0	10.00088660342229
1034	2012-2013	12407000.0	0.0
1034	2013-2014	13027000.0	4.99717901184815
1034	2014-2015	13027000.0	0.0
1034	2015-2016	13027000.0	0.0
1034	2016-2017	13027000.0	0.0
1034	2017-2018	13027000.0	0.0
1034	2018-2019	13027000.0	0.0
1034	2019-2020	13027000.0	0.0
1036	2009-2010	834000.0	0.0
1036	2010-2011	874000.0	4.796163069544365
1036	2011-2012	874000.0	0.0
1036	2012-2013	874000.0	0.0
1036	2013-2014	874000.0	0.0
1036	2014-2015	874000.0	0.0
1036	2015-2016	923000.0	5.606407322654462
1036	2016-2017	947000.0	2.600216684723727
1036	2017-2018	1068000.0	12.777191129883844
1036	2018-2019	1165000.0	9.082397003745319
1036	2019-2020	1189000.0	2.060085836909871
1037	2009-2010	834000.0	0.0
1037	2010-2011	874000.0	4.796163069544365
1037	2011-2012	874000.0	0.0
1037	2012-2013	874000.0	0.0
1037	2013-2014	874000.0	0.0
1037	2014-2015	874000.0	0.0
1037	2015-2016	923000.0	5.606407322654462
1037	2016-2017	947000.0	2.600216684723727
1037	2017-2018	1068000.0	12.777191129883844
1037	2018-2019	1165000.0	9.082397003745319
1037	2019-2020	1189000.0	2.060085836909871
1039	2009-2010	10254000.0	0.0
1039	2010-2011	11279000.0	9.996099083284573
1039	2011-2012	12407000.0	10.00088660342229
1039	2012-2013	12407000.0	0.0
1039	2013-2014	13027000.0	4.99717901184815
1039	2014-2015	13027000.0	0.0
1039	2015-2016	13027000.0	0.0
1039	2016-2017	13027000.0	0.0
1039	2017-2018	13027000.0	0.0
1039	2018-2019	13027000.0	0.0
1039	2019-2020	13027000.0	0.0
1042	2009-2010	803000.0	0.0
1042	2010-2011	842000.0	4.85678704856787
1042	2011-2012	842000.0	0.0
1042	2012-2013	842000.0	0.0
1042	2013-2014	842000.0	0.0
1042	2014-2015	842000.0	0.0
1042	2015-2016	889000.0	5.581947743467933
1042	2016-2017	912000.0	2.5871766029246346
1042	2017-2018	1029000.0	12.828947368421053
1042	2018-2019	1123000.0	9.13508260447036
1042	2019-2020	1146000.0	2.0480854853072126
1044	2009-2010	10254000.0	0.0
1044	2010-2011	11279000.0	9.996099083284573
1044	2011-2012	12407000.0	10.00088660342229
1044	2012-2013	12407000.0	0.0
1044	2013-2014	13027000.0	4.99717901184815
1044	2014-2015	13027000.0	0.0
1044	2015-2016	13027000.0	0.0
1044	2016-2017	13027000.0	0.0
1044	2017-2018	13027000.0	0.0
1044	2018-2019	13027000.0	0.0
1044	2019-2020	13027000.0	0.0
1046	2009-2010	888000.0	0.0
1046	2010-2011	931000.0	4.842342342342342
1046	2011-2012	931000.0	0.0
1046	2012-2013	931000.0	0.0
1046	2013-2014	931000.0	0.0
1046	2014-2015	931000.0	0.0
1046	2015-2016	983000.0	5.5853920515574655
1046	2016-2017	1009000.0	2.644964394710071
1046	2017-2018	1138000.0	12.784935579781962
1046	2018-2019	1241000.0	9.050966608084359
1046	2019-2020	1267000.0	2.09508460918614
1048	2009-2010	10254000.0	0.0
1048	2010-2011	11279000.0	9.996099083284573
1048	2011-2012	12407000.0	10.00088660342229
1048	2012-2013	12407000.0	0.0
1048	2013-2014	13027000.0	4.99717901184815
1048	2014-2015	13027000.0	0.0
1048	2015-2016	13027000.0	0.0
1048	2016-2017	13027000.0	0.0
1048	2017-2018	13027000.0	0.0
1048	2018-2019	13027000.0	0.0
1048	2019-2020	13027000.0	0.0
1051	2009-2010	10254000.0	0.0
1051	2010-2011	11279000.0	9.996099083284573
1051	2011-2012	12407000.0	10.00088660342229
1051	2012-2013	12407000.0	0.0
1051	2013-2014	13027000.0	4.99717901184815
1051	2014-2015	13027000.0	0.0
1051	2015-2016	13027000.0	0.0
1051	2016-2017	13027000.0	0.0
1051	2017-2018	13027000.0	0.0
1051	2018-2019	13027000.0	0.0
1051	2019-2020	13027000.0	0.0
1054	2009-2010	10254000.0	0.0
1054	2010-2011	11279000.0	9.996099083284573
1054	2011-2012	12407000.0	10.00088660342229
1054	2012-2013	12407000.0	0.0
1054	2013-2014	13027000.0	4.99717901184815
1054	2014-2015	13027000.0	0.0
1054	2015-2016	13027000.0	0.0
1054	2016-2017	13027000.0	0.0
1054	2017-2018	13027000.0	0.0
1054	2018-2019	13027000.0	0.0
1054	2019-2020	13027000.0	0.0
1055	2009-2010	883000.0	0.0
1055	2010-2011	915000.0	3.6240090600226504
1055	2011-2012	915000.0	0.0
1055	2012-2013	915000.0	0.0
1055	2013-2014	915000.0	0.0
1055	2014-2015	915000.0	0.0
1055	2015-2016	950000.0	3.825136612021858
1055	2016-2017	975000.0	2.631578947368421
1055	2017-2018	1100000.0	12.82051282051282
1055	2018-2019	1200000.0	9.090909090909092
1055	2019-2020	1225000.0	2.083333333333333
1056	2009-2010	10254000.0	0.0
1056	2010-2011	11279000.0	9.996099083284573
1056	2011-2012	12407000.0	10.00088660342229
1056	2012-2013	12407000.0	0.0
1056	2013-2014	13027000.0	4.99717901184815
1056	2014-2015	13027000.0	0.0
1056	2015-2016	13027000.0	0.0
1056	2016-2017	13027000.0	0.0
1056	2017-2018	13027000.0	0.0
1056	2018-2019	13027000.0	0.0
1056	2019-2020	13027000.0	0.0
1058	2009-2010	10254000.0	0.0
1058	2010-2011	11279000.0	9.996099083284573
1058	2011-2012	12407000.0	10.00088660342229
1058	2012-2013	12407000.0	0.0
1058	2013-2014	13027000.0	4.99717901184815
1058	2014-2015	13027000.0	0.0
1058	2015-2016	13027000.0	0.0
1058	2016-2017	13027000.0	0.0
1058	2017-2018	13027000.0	0.0
1058	2018-2019	13027000.0	0.0
1058	2019-2020	13027000.0	0.0
1059	2009-2010	10254000.0	0.0
1059	2010-2011	11279000.0	9.996099083284573
1059	2011-2012	12407000.0	10.00088660342229
1059	2012-2013	12407000.0	0.0
1059	2013-2014	13027000.0	4.99717901184815
1059	2014-2015	13027000.0	0.0
1059	2015-2016	13027000.0	0.0
1059	2016-2017	13027000.0	0.0
1059	2017-2018	13027000.0	0.0
1059	2018-2019	13027000.0	0.0
1059	2019-2020	13027000.0	0.0
1063	2009-2010	10254000.0	0.0
1063	2010-2011	11279000.0	9.996099083284573
1063	2011-2012	12407000.0	10.00088660342229
1063	2012-2013	12407000.0	0.0
1063	2013-2014	13027000.0	4.99717901184815
1063	2014-2015	13027000.0	0.0
1063	2015-2016	13027000.0	0.0
1063	2016-2017	13027000.0	0.0
1063	2017-2018	13027000.0	0.0
1063	2018-2019	13027000.0	0.0
1063	2019-2020	13027000.0	0.0
1067	2009-2010	10254000.0	0.0
1067	2010-2011	11279000.0	9.996099083284573
1067	2011-2012	12407000.0	10.00088660342229
1067	2012-2013	12407000.0	0.0
1067	2013-2014	13027000.0	4.99717901184815
1067	2014-2015	13027000.0	0.0
1067	2015-2016	13027000.0	0.0
1067	2016-2017	13027000.0	0.0
1067	2017-2018	13027000.0	0.0
1067	2018-2019	13027000.0	0.0
1067	2019-2020	13027000.0	0.0
1070	2009-2010	10254000.0	0.0
1070	2010-2011	11279000.0	9.996099083284573
1070	2011-2012	12407000.0	10.00088660342229
1070	2012-2013	12407000.0	0.0
1070	2013-2014	13027000.0	4.99717901184815
1070	2014-2015	13027000.0	0.0
1070	2015-2016	13027000.0	0.0
1070	2016-2017	13027000.0	0.0
1070	2017-2018	13027000.0	0.0
1070	2018-2019	13027000.0	0.0
1070	2019-2020	13027000.0	0.0
1073	2009-2010	10254000.0	0.0
1073	2010-2011	11279000.0	9.996099083284573
1073	2011-2012	12407000.0	10.00088660342229
1073	2012-2013	12407000.0	0.0
1073	2013-2014	13027000.0	4.99717901184815
1073	2014-2015	13027000.0	0.0
1073	2015-2016	13027000.0	0.0
1073	2016-2017	13027000.0	0.0
1073	2017-2018	13027000.0	0.0
1073	2018-2019	13027000.0	0.0
1073	2019-2020	13027000.0	0.0
1076	2009-2010	10254000.0	0.0
1076	2010-2011	11279000.0	9.996099083284573
1076	2011-2012	12407000.0	10.00088660342229
1076	2012-2013	12407000.0	0.0
1076	2013-2014	13027000.0	4.99717901184815
1076	2014-2015	13027000.0	0.0
1076	2015-2016	13027000.0	0.0
1076	2016-2017	13027000.0	0.0
1076	2017-2018	13027000.0	0.0
1076	2018-2019	13027000.0	0.0
1076	2019-2020	13027000.0	0.0
1079	2009-2010	10254000.0	0.0
1079	2010-2011	11279000.0	9.996099083284573
1079	2011-2012	12407000.0	10.00088660342229
1079	2012-2013	12407000.0	0.0
1079	2013-2014	13027000.0	4.99717901184815
1079	2014-2015	13027000.0	0.0
1079	2015-2016	13027000.0	0.0
1079	2016-2017	13027000.0	0.0
1079	2017-2018	13027000.0	0.0
1079	2018-2019	13027000.0	0.0
1079	2019-2020	13027000.0	0.0
1083	2009-2010	10254000.0	0.0
1083	2010-2011	11279000.0	9.996099083284573
1083	2011-2012	12407000.0	10.00088660342229
1083	2012-2013	12407000.0	0.0
1083	2013-2014	13027000.0	4.99717901184815
1083	2014-2015	13027000.0	0.0
1083	2015-2016	13027000.0	0.0
1083	2016-2017	13027000.0	0.0
1083	2017-2018	13027000.0	0.0
1083	2018-2019	13027000.0	0.0
1083	2019-2020	13027000.0	0.0
1086	2009-2010	10254000.0	0.0
1086	2010-2011	11279000.0	9.996099083284573
1086	2011-2012	12407000.0	10.00088660342229
1086	2012-2013	12407000.0	0.0
1086	2013-2014	13027000.0	4.99717901184815
1086	2014-2015	13027000.0	0.0
1086	2015-2016	13027000.0	0.0
1086	2016-2017	13027000.0	0.0
1086	2017-2018	13027000.0	0.0
1086	2018-2019	13027000.0	0.0
1086	2019-2020	13027000.0	0.0
1089	2009-2010	10254000.0	0.0
1089	2010-2011	11279000.0	9.996099083284573
1089	2011-2012	12407000.0	10.00088660342229
1089	2012-2013	12407000.0	0.0
1089	2013-2014	13027000.0	4.99717901184815
1089	2014-2015	13027000.0	0.0
1089	2015-2016	13027000.0	0.0
1089	2016-2017	13027000.0	0.0
1089	2017-2018	13027000.0	0.0
1089	2018-2019	13027000.0	0.0
1089	2019-2020	13027000.0	0.0
1096	2009-2010	10254000.0	0.0
1096	2010-2011	11279000.0	9.996099083284573
1096	2011-2012	12407000.0	10.00088660342229
1096	2012-2013	12407000.0	0.0
1096	2013-2014	13027000.0	4.99717901184815
1096	2014-2015	13027000.0	0.0
1096	2015-2016	13027000.0	0.0
1096	2016-2017	13027000.0	0.0
1096	2017-2018	13027000.0	0.0
1096	2018-2019	13027000.0	0.0
1096	2019-2020	13027000.0	0.0
1103	2009-2010	10254000.0	0.0
1103	2010-2011	11279000.0	9.996099083284573
1103	2011-2012	12407000.0	10.00088660342229
1103	2012-2013	12407000.0	0.0
1103	2013-2014	13027000.0	4.99717901184815
1103	2014-2015	13027000.0	0.0
1103	2015-2016	13027000.0	0.0
1103	2016-2017	13027000.0	0.0
1103	2017-2018	13027000.0	0.0
1103	2018-2019	13027000.0	0.0
1103	2019-2020	13027000.0	0.0
1111	2009-2010	10254000.0	0.0
1111	2010-2011	11279000.0	9.996099083284573
1111	2011-2012	12407000.0	10.00088660342229
1111	2012-2013	12407000.0	0.0
1111	2013-2014	13027000.0	4.99717901184815
1111	2014-2015	13027000.0	0.0
1111	2015-2016	13027000.0	0.0
1111	2016-2017	13027000.0	0.0
1111	2017-2018	13027000.0	0.0
1111	2018-2019	13027000.0	0.0
1111	2019-2020	13027000.0	0.0
1133	2009-2010	875000.0	0.0
1133	2010-2011	915000.0	4.571428571428571
1133	2011-2012	915000.0	0.0
1133	2012-2013	915000.0	0.0
1133	2013-2014	915000.0	0.0
1133	2014-2015	915000.0	0.0
1133	2015-2016	950000.0	3.825136612021858
1133	2016-2017	975000.0	2.631578947368421
1133	2017-2018	1100000.0	12.82051282051282
1133	2018-2019	1200000.0	9.090909090909092
1133	2019-2020	1225000.0	2.083333333333333
1134	2009-2010	947000.0	0.0
1134	2010-2011	990000.0	4.540654699049631
1134	2011-2012	990000.0	0.0
1134	2012-2013	990000.0	0.0
1134	2013-2014	990000.0	0.0
1134	2014-2015	990000.0	0.0
1134	2015-2016	1028000.0	3.8383838383838382
1134	2016-2017	1055000.0	2.6264591439688716
1134	2017-2018	1190000.0	12.796208530805686
1134	2018-2019	1298000.0	9.07563025210084
1134	2019-2020	1325000.0	2.0801232665639446
1135	2009-2010	919000.0	0.0
1135	2010-2011	963000.0	4.787812840043525
1135	2011-2012	963000.0	0.0
1135	2012-2013	963000.0	0.0
1135	2013-2014	963000.0	0.0
1135	2014-2015	963000.0	0.0
1135	2015-2016	1017000.0	5.607476635514018
1135	2016-2017	1044000.0	2.6548672566371683
1135	2017-2018	1178000.0	12.835249042145595
1135	2018-2019	1285000.0	9.083191850594227
1135	2019-2020	1312000.0	2.1011673151750974
1136	2009-2010	938000.0	0.0
1136	2010-2011	981000.0	4.584221748400854
1136	2011-2012	981000.0	0.0
1136	2012-2013	981000.0	0.0
1136	2013-2014	981000.0	0.0
1136	2014-2015	981000.0	0.0
1136	2015-2016	1019000.0	3.873598369011213
1136	2016-2017	1046000.0	2.649656526005888
1136	2017-2018	1180000.0	12.810707456978967
1136	2018-2019	1287000.0	9.067796610169491
1136	2019-2020	1314000.0	2.097902097902098
1137	2009-2010	911000.0	0.0
1137	2010-2011	953000.0	4.610318331503842
1137	2011-2012	953000.0	0.0
1137	2012-2013	953000.0	0.0
1137	2013-2014	953000.0	0.0
1137	2014-2015	953000.0	0.0
1137	2015-2016	989000.0	3.777544596012592
1137	2016-2017	1015000.0	2.62891809908999
1137	2017-2018	1145000.0	12.807881773399016
1137	2018-2019	1249000.0	9.08296943231441
1137	2019-2020	1275000.0	2.0816653322658127
1138	2009-2010	856000.0	0.0
1138	2010-2011	895000.0	4.55607476635514
1138	2011-2012	895000.0	0.0
1138	2012-2013	895000.0	0.0
1138	2013-2014	895000.0	0.0
1138	2014-2015	895000.0	0.0
1138	2015-2016	929000.0	3.798882681564246
1138	2016-2017	953000.0	2.583423035522067
1138	2017-2018	1075000.0	12.801678908709338
1138	2018-2019	1173000.0	9.11627906976744
1138	2019-2020	1197000.0	2.0460358056265986
1139	2009-2010	947000.0	0.0
1139	2010-2011	990000.0	4.540654699049631
1139	2011-2012	990000.0	0.0
1139	2012-2013	990000.0	0.0
1139	2013-2014	990000.0	0.0
1139	2014-2015	990000.0	0.0
1139	2015-2016	1028000.0	3.8383838383838382
1139	2016-2017	1055000.0	2.6264591439688716
1139	2017-2018	1190000.0	12.796208530805686
1139	2018-2019	1298000.0	9.07563025210084
1139	2019-2020	1325000.0	2.0801232665639446
1140	2009-2010	938000.0	0.0
1140	2010-2011	981000.0	4.584221748400854
1140	2011-2012	981000.0	0.0
1140	2012-2013	981000.0	0.0
1140	2013-2014	981000.0	0.0
1140	2014-2015	981000.0	0.0
1140	2015-2016	1019000.0	3.873598369011213
1140	2016-2017	1046000.0	2.649656526005888
1140	2017-2018	1180000.0	12.810707456978967
1140	2018-2019	1287000.0	9.067796610169491
1140	2019-2020	1314000.0	2.097902097902098
1141	2009-2010	947000.0	0.0
1141	2010-2011	990000.0	4.540654699049631
1141	2011-2012	990000.0	0.0
1141	2012-2013	990000.0	0.0
1141	2013-2014	990000.0	0.0
1141	2014-2015	990000.0	0.0
1141	2015-2016	1028000.0	3.8383838383838382
1141	2016-2017	1055000.0	2.6264591439688716
1141	2017-2018	1190000.0	12.796208530805686
1141	2018-2019	1298000.0	9.07563025210084
1141	2019-2020	1325000.0	2.0801232665639446
1142	2009-2010	857000.0	0.0
1142	2010-2011	896000.0	4.550758459743291
1142	2011-2012	896000.0	0.0
1142	2012-2013	896000.0	0.0
1142	2013-2014	896000.0	0.0
1142	2014-2015	896000.0	0.0
1142	2015-2016	930000.0	3.7946428571428568
1142	2016-2017	954000.0	2.5806451612903225
1142	2017-2018	1076000.0	12.78825995807128
1142	2018-2019	1174000.0	9.107806691449815
1142	2019-2020	1198000.0	2.0442930153321974
1143	2009-2010	25662000.0	0.0
1143	2010-2011	24379000.0	-4.999610318759255
1143	2011-2012	23160000.0	-5.000205094548587
1143	2012-2013	22002000.0	-5.0
1143	2013-2014	20902000.0	-4.999545495864012
1143	2014-2015	20902000.0	0.0
1143	2015-2016	20486900.0	-1.9859343603482922
1143	2016-2017	20486900.0	0.0
1143	2017-2018	20486900.0	0.0
1143	2018-2019	20486900.0	0.0
1143	2019-2020	20486900.0	0.0
1144	2009-2010	25000000.0	0.0
1144	2010-2011	27000000.0	8.0
1144	2011-2012	25650000.0	-5.0
1144	2012-2013	24368000.0	-4.9980506822612085
1144	2013-2014	23150000.0	-4.998358502954694
1144	2014-2015	23150000.0	0.0
1144	2015-2016	23150000.0	0.0
1144	2016-2017	23150000.0	0.0
1144	2017-2018	23150000.0	0.0
1144	2018-2019	23150000.0	0.0
1144	2019-2020	23150000.0	0.0
1148	2009-2010	0.0	0.0
1148	2010-2011	0.0	0.0
1148	2011-2012	0.0	0.0
1148	2012-2013	1150000.0	0.0
1148	2013-2014	1150000.0	0.0
1148	2014-2015	0.0	0.0
1148	2015-2016	0.0	0.0
1148	2016-2017	0.0	0.0
1148	2017-2018	3910000.0	240.0
1148	2018-2019	3920000.0	0.2557544757033248
1148	2019-2020	3920000.0	0.0
1149	2009-2010	2530000.0	0.0
1149	2010-2011	2530000.0	0.0
1149	2011-2012	2404000.0	-4.980237154150197
1149	2012-2013	2404000.0	0.0
1149	2013-2014	2404000.0	0.0
1149	2014-2015	2404000.0	0.0
1149	2015-2016	2404000.0	0.0
1149	2016-2017	2404000.0	0.0
1149	2017-2018	2404000.0	0.0
1149	2018-2019	2404000.0	0.0
1149	2019-2020	2404000.0	0.0
1174	2009-2010	2530000.0	0.0
1174	2010-2011	2530000.0	0.0
1174	2011-2012	2404000.0	-4.980237154150197
1174	2012-2013	2404000.0	0.0
1174	2013-2014	2404000.0	0.0
1174	2014-2015	2404000.0	0.0
1174	2015-2016	2404000.0	0.0
1174	2016-2017	2404000.0	0.0
1174	2017-2018	2404000.0	0.0
1174	2018-2019	2404000.0	0.0
1174	2019-2020	2404000.0	0.0
1177	2009-2010	2530000.0	0.0
1177	2010-2011	2530000.0	0.0
1177	2011-2012	2404000.0	-4.980237154150197
1177	2012-2013	2404000.0	0.0
1177	2013-2014	2404000.0	0.0
1177	2014-2015	2404000.0	0.0
1177	2015-2016	2404000.0	0.0
1177	2016-2017	2404000.0	0.0
1177	2017-2018	2404000.0	0.0
1177	2018-2019	2404000.0	0.0
1177	2019-2020	2404000.0	0.0
1180	2009-2010	802000.0	0.0
1180	2010-2011	841000.0	4.86284289276808
1180	2011-2012	841000.0	0.0
1180	2012-2013	841000.0	0.0
1180	2013-2014	841000.0	0.0
1180	2014-2015	841000.0	0.0
1180	2015-2016	888000.0	5.58858501783591
1180	2016-2017	911000.0	2.59009009009009
1180	2017-2018	1028000.0	12.843029637760702
1180	2018-2019	1121000.0	9.04669260700389
1180	2019-2020	1144000.0	2.0517395182872438
1187	2009-2010	827000.0	0.0
1187	2010-2011	867000.0	4.836759371221282
1187	2011-2012	867000.0	0.0
1187	2012-2013	867000.0	0.0
1187	2013-2014	867000.0	0.0
1187	2014-2015	867000.0	0.0
1187	2015-2016	915000.0	5.536332179930796
1187	2016-2017	939000.0	2.622950819672131
1187	2017-2018	1059000.0	12.779552715654951
1187	2018-2019	1155000.0	9.06515580736544
1187	2019-2020	1179000.0	2.0779220779220777
1192	2009-2010	17233000.0	0.0
1192	2010-2011	18956000.0	9.998259153948819
1192	2011-2012	20852000.0	10.002110149820636
1192	2012-2013	20852000.0	0.0
1192	2013-2014	20852000.0	0.0
1192	2014-2015	20852000.0	0.0
1192	2015-2016	20852000.0	0.0
1192	2016-2017	20852000.0	0.0
1192	2017-2018	20852000.0	0.0
1192	2018-2019	20852000.0	0.0
1192	2019-2020	20852000.0	0.0
1195	2009-2010	17233000.0	0.0
1195	2010-2011	18956000.0	9.998259153948819
1195	2011-2012	20852000.0	10.002110149820636
1195	2012-2013	20852000.0	0.0
1195	2013-2014	20852000.0	0.0
1195	2014-2015	20852000.0	0.0
1195	2015-2016	20852000.0	0.0
1195	2016-2017	20852000.0	0.0
1195	2017-2018	20852000.0	0.0
1195	2018-2019	20852000.0	0.0
1195	2019-2020	20852000.0	0.0
1197	2009-2010	10254000.0	0.0
1197	2010-2011	11279000.0	9.996099083284573
1197	2011-2012	12407000.0	10.00088660342229
1197	2012-2013	12407000.0	0.0
1197	2013-2014	13027000.0	4.99717901184815
1197	2014-2015	13027000.0	0.0
1197	2015-2016	13027000.0	0.0
1197	2016-2017	13027000.0	0.0
1197	2017-2018	13027000.0	0.0
1197	2018-2019	13027000.0	0.0
1197	2019-2020	13027000.0	0.0
1205	2009-2010	0.0	0.0
1205	2010-2011	0.0	0.0
1205	2011-2012	0.0	0.0
1205	2012-2013	1150000.0	0.0
1205	2013-2014	1150000.0	0.0
1205	2014-2015	0.0	0.0
1205	2015-2016	0.0	0.0
1205	2016-2017	0.0	0.0
1205	2017-2018	3910000.0	240.0
1205	2018-2019	3920000.0	0.2557544757033248
1205	2019-2020	3920000.0	0.0
1207	2009-2010	2101000.0	0.0
1207	2010-2011	2101000.0	0.0
1207	2011-2012	1996000.0	-4.997620180866255
1207	2012-2013	1896000.0	-5.01002004008016
1207	2013-2014	1801000.0	-5.010548523206751
1207	2014-2015	1801000.0	0.0
1207	2015-2016	1801000.0	0.0
1207	2016-2017	1801000.0	0.0
1207	2017-2018	1801000.0	0.0
1207	2018-2019	1801000.0	0.0
1207	2019-2020	1801000.0	0.0
1210	2009-2010	1617000.0	0.0
1210	2010-2011	1536000.0	-5.009276437847866
1210	2011-2012	1459000.0	-5.013020833333334
1210	2012-2013	1386000.0	-5.003427004797807
1210	2013-2014	1317000.0	-4.978354978354979
1210	2014-2015	1317000.0	0.0
1210	2015-2016	1317000.0	0.0
1210	2016-2017	1317000.0	0.0
1210	2017-2018	1317000.0	0.0
1210	2018-2019	1317000.0	0.0
1210	2019-2020	1317000.0	0.0
1222	2009-2010	873000.0	0.0
1222	2010-2011	915000.0	4.810996563573884
1222	2011-2012	915000.0	0.0
1222	2012-2013	915000.0	0.0
1222	2013-2014	915000.0	0.0
1222	2014-2015	915000.0	0.0
1222	2015-2016	966000.0	5.573770491803279
1222	2016-2017	991000.0	2.587991718426501
1222	2017-2018	1118000.0	12.815338042381432
1222	2018-2019	1220000.0	9.123434704830053
1222	2019-2020	1245000.0	2.0491803278688523
1224	2009-2010	1981000.0	0.0
1224	2010-2011	1925000.0	-2.8268551236749118
1224	2011-2012	1829000.0	-4.987012987012987
1224	2012-2013	1738000.0	-4.975396391470749
1224	2013-2014	1651000.0	-5.005753739930955
1224	2014-2015	1651000.0	0.0
1224	2015-2016	1651000.0	0.0
1224	2016-2017	1651000.0	0.0
1224	2017-2018	1651000.0	0.0
1224	2018-2019	1651000.0	0.0
1224	2019-2020	1651000.0	0.0
1227	2009-2010	1599000.0	0.0
1227	2010-2011	1599000.0	0.0
1227	2011-2012	1519000.0	-5.003126954346467
1227	2012-2013	1519000.0	0.0
1227	2013-2014	1519000.0	0.0
1227	2014-2015	1519000.0	0.0
1227	2015-2016	1519000.0	0.0
1227	2016-2017	1519000.0	0.0
1227	2017-2018	1519000.0	0.0
1227	2018-2019	1600000.0	5.332455562870309
1227	2019-2020	1680000.0	5.0
1237	2009-2010	0.0	0.0
1237	2010-2011	0.0	0.0
1237	2011-2012	0.0	0.0
1237	2012-2013	0.0	0.0
1237	2013-2014	0.0	0.0
1237	2014-2015	0.0	0.0
1237	2015-2016	0.0	0.0
1237	2016-2017	0.0	0.0
1237	2017-2018	5410000.0	0.0
1237	2018-2019	5410000.0	0.0
1237	2019-2020	5410000.0	0.0
1240	2009-2010	872000.0	0.0
1240	2010-2011	914000.0	4.81651376146789
1240	2011-2012	914000.0	0.0
1240	2012-2013	914000.0	0.0
1240	2013-2014	914000.0	0.0
1240	2014-2015	914000.0	0.0
1240	2015-2016	965000.0	5.579868708971554
1240	2016-2017	990000.0	2.5906735751295336
1240	2017-2018	1117000.0	12.828282828282827
1240	2018-2019	1219000.0	9.131602506714414
1240	2019-2020	1244000.0	2.0508613617719442
1241	2009-2010	25000000.0	0.0
1241	2010-2011	27000000.0	8.0
1241	2011-2012	25650000.0	-5.0
1241	2012-2013	24368000.0	-4.9980506822612085
1241	2013-2014	23150000.0	-4.998358502954694
1241	2014-2015	23150000.0	0.0
1241	2015-2016	23150000.0	0.0
1241	2016-2017	23150000.0	0.0
1241	2017-2018	23150000.0	0.0
1241	2018-2019	23150000.0	0.0
1241	2019-2020	23150000.0	0.0
1244	2009-2010	0.0	0.0
1244	2010-2011	0.0	0.0
1244	2011-2012	0.0	0.0
1244	2012-2013	0.0	0.0
1244	2013-2014	0.0	0.0
1244	2014-2015	0.0	0.0
1244	2015-2016	0.0	0.0
1244	2016-2017	0.0	0.0
1244	2017-2018	5410000.0	0.0
1244	2018-2019	5410000.0	0.0
1244	2019-2020	5410000.0	0.0
1247	2009-2010	843000.0	0.0
1247	2010-2011	884000.0	4.863582443653618
1247	2011-2012	884000.0	0.0
1247	2012-2013	884000.0	0.0
1247	2013-2014	884000.0	0.0
1247	2014-2015	884000.0	0.0
1247	2015-2016	933000.0	5.542986425339366
1247	2016-2017	958000.0	2.679528403001072
1247	2017-2018	1081000.0	12.839248434237996
1247	2018-2019	1179000.0	9.065679925994448
1247	2019-2020	1204000.0	2.1204410517387617
1256	2009-2010	0.0	0.0
1256	2010-2011	0.0	0.0
1256	2011-2012	0.0	0.0
1256	2012-2013	0.0	0.0
1256	2013-2014	0.0	0.0
1256	2014-2015	0.0	0.0
1256	2015-2016	0.0	0.0
1256	2016-2017	0.0	0.0
1256	2017-2018	5410000.0	0.0
1256	2018-2019	5410000.0	0.0
1256	2019-2020	5410000.0	0.0
1274	2009-2010	825000.0	0.0
1274	2010-2011	784000.0	-4.96969696969697
1274	2011-2012	745000.0	-4.974489795918367
1274	2012-2013	708000.0	-4.966442953020135
1274	2013-2014	673000.0	-4.943502824858757
1274	2014-2015	0.0	0.0
1274	2015-2016	0.0	0.0
1274	2016-2017	0.0	0.0
1274	2017-2018	750000.0	11.441307578008916
1274	2018-2019	750000.0	0.0
1274	2019-2020	750000.0	0.0
1283	2009-2010	6366000.0	0.0
1283	2010-2011	6048000.0	-4.995287464655985
1283	2011-2012	5746000.0	-4.993386243386244
1283	2012-2013	5459000.0	-4.994778976679429
1283	2013-2014	5186000.0	-5.000915918666422
1283	2014-2015	5186000.0	0.0
1283	2015-2016	5186000.0	0.0
1283	2016-2017	5186000.0	0.0
1283	2017-2018	5186000.0	0.0
1283	2018-2019	5186000.0	0.0
1283	2019-2020	5186000.0	0.0
1287	2009-2010	2890000.0	0.0
1287	2010-2011	2746000.0	-4.982698961937716
1287	2011-2012	2609000.0	-4.989075018208303
1287	2012-2013	2479000.0	-4.9827520122652365
1287	2013-2014	2355000.0	-5.00201694231545
1287	2014-2015	2355000.0	0.0
1287	2015-2016	2355000.0	0.0
1287	2016-2017	2355000.0	0.0
1287	2017-2018	2355000.0	0.0
1287	2018-2019	2360000.0	0.21231422505307856
1287	2019-2020	2360000.0	0.0
1291	2009-2010	3550000.0	0.0
1291	2010-2011	3550000.0	0.0
1291	2011-2012	3373000.0	-4.985915492957747
1291	2012-2013	3373000.0	0.0
1291	2013-2014	3373000.0	0.0
1291	2014-2015	3373000.0	0.0
1291	2015-2016	3373000.0	0.0
1291	2016-2017	3373000.0	0.0
1291	2017-2018	3373000.0	0.0
1291	2018-2019	3373000.0	0.0
1291	2019-2020	3542000.0	5.010376519418915
1303	2009-2010	17233000.0	0.0
1303	2010-2011	18956000.0	9.998259153948819
1303	2011-2012	20852000.0	10.002110149820636
1303	2012-2013	20852000.0	0.0
1303	2013-2014	20852000.0	0.0
1303	2014-2015	20852000.0	0.0
1303	2015-2016	20852000.0	0.0
1303	2016-2017	20852000.0	0.0
1303	2017-2018	20852000.0	0.0
1303	2018-2019	20852000.0	0.0
1303	2019-2020	20852000.0	0.0
1306	2009-2010	1364000.0	0.0
1306	2010-2011	1296000.0	-4.9853372434017595
1306	2011-2012	1231000.0	-5.015432098765432
1306	2012-2013	1169000.0	-5.03655564581641
1306	2013-2014	1111000.0	-4.961505560307955
1306	2014-2015	1111000.0	0.0
1306	2015-2016	1111000.0	0.0
1306	2016-2017	1111000.0	0.0
1306	2017-2018	1111000.0	0.0
1306	2018-2019	1111000.0	0.0
1306	2019-2020	1111000.0	0.0
1311	2009-2010	3105000.0	0.0
1311	2010-2011	3105000.0	0.0
1311	2011-2012	2950000.0	-4.99194847020934
1311	2012-2013	2803000.0	-4.983050847457627
1311	2013-2014	2803000.0	0.0
1311	2014-2015	2803000.0	0.0
1311	2015-2016	2803000.0	0.0
1311	2016-2017	2803000.0	0.0
1311	2017-2018	2803000.0	0.0
1311	2018-2019	2803000.0	0.0
1311	2019-2020	2803000.0	0.0
1323	2009-2010	2829000.0	0.0
1323	2010-2011	2688000.0	-4.984093319194061
1323	2011-2012	2554000.0	-4.985119047619048
1323	2012-2013	2426000.0	-5.011746280344558
1323	2013-2014	2305000.0	-4.987633965375103
1323	2014-2015	2305000.0	0.0
1323	2015-2016	2305000.0	0.0
1323	2016-2017	2305000.0	0.0
1323	2017-2018	2305000.0	0.0
1323	2018-2019	2305000.0	0.0
1323	2019-2020	2305000.0	0.0
1331	2009-2010	6002000.0	0.0
1331	2010-2011	5702000.0	-4.998333888703765
1331	2011-2012	5417000.0	-4.998246229393195
1331	2012-2013	5146000.0	-5.002769060365516
1331	2013-2014	4889000.0	-4.994170229304315
1331	2014-2015	4889000.0	0.0
1331	2015-2016	4889000.0	0.0
1331	2016-2017	4889000.0	0.0
1331	2017-2018	4889000.0	0.0
1331	2018-2019	4889000.0	0.0
1331	2019-2020	4889000.0	0.0
1335	2009-2010	6002000.0	0.0
1335	2010-2011	5702000.0	-4.998333888703765
1335	2011-2012	5417000.0	-4.998246229393195
1335	2012-2013	5146000.0	-5.002769060365516
1335	2013-2014	4889000.0	-4.994170229304315
1335	2014-2015	4889000.0	0.0
1335	2015-2016	4889000.0	0.0
1335	2016-2017	4889000.0	0.0
1335	2017-2018	4889000.0	0.0
1335	2018-2019	4889000.0	0.0
1335	2019-2020	4889000.0	0.0
1339	2009-2010	0.0	0.0
1339	2010-2011	0.0	0.0
1339	2011-2012	0.0	0.0
1339	2012-2013	0.0	0.0
1339	2013-2014	2440000.0	0.0
1339	2014-2015	2440000.0	0.0
1339	2015-2016	2440000.0	0.0
1339	2016-2017	2440000.0	0.0
1339	2017-2018	2440000.0	0.0
1339	2018-2019	2440000.0	0.0
1339	2019-2020	2440000.0	0.0
1354	2009-2010	6466000.0	0.0
1354	2010-2011	6143000.0	-4.995360346427467
1354	2011-2012	10688000.0	73.98665147322156
1354	2012-2013	10154000.0	-4.996257485029941
1354	2013-2014	9646000.0	-5.002954500689383
1354	2014-2015	9350000.0	-3.0686294837238233
1354	2015-2016	9350000.0	0.0
1354	2016-2017	9350000.0	0.0
1354	2017-2018	9350000.0	0.0
1354	2018-2019	9350000.0	0.0
1354	2019-2020	9350000.0	0.0
1357	2009-2010	6466000.0	0.0
1357	2010-2011	6143000.0	-4.995360346427467
1357	2011-2012	10688000.0	73.98665147322156
1357	2012-2013	10154000.0	-4.996257485029941
1357	2013-2014	9646000.0	-5.002954500689383
1357	2014-2015	9350000.0	-3.0686294837238233
1357	2015-2016	9350000.0	0.0
1357	2016-2017	9350000.0	0.0
1357	2017-2018	9350000.0	0.0
1357	2018-2019	9350000.0	0.0
1357	2019-2020	9350000.0	0.0
1375	2009-2010	6002000.0	0.0
1375	2010-2011	5702000.0	-4.998333888703765
1375	2011-2012	5417000.0	-4.998246229393195
1375	2012-2013	5146000.0	-5.002769060365516
1375	2013-2014	4889000.0	-4.994170229304315
1375	2014-2015	4889000.0	0.0
1375	2015-2016	4889000.0	0.0
1375	2016-2017	4889000.0	0.0
1375	2017-2018	4889000.0	0.0
1375	2018-2019	4889000.0	0.0
1375	2019-2020	4889000.0	0.0
1391	2009-2010	6466000.0	0.0
1391	2010-2011	6143000.0	-4.995360346427467
1391	2011-2012	10688000.0	73.98665147322156
1391	2012-2013	10154000.0	-4.996257485029941
1391	2013-2014	9646000.0	-5.002954500689383
1391	2014-2015	9350000.0	-3.0686294837238233
1391	2015-2016	9350000.0	0.0
1391	2016-2017	9350000.0	0.0
1391	2017-2018	9350000.0	0.0
1391	2018-2019	9350000.0	0.0
1391	2019-2020	9350000.0	0.0
1406	2009-2010	1481000.0	0.0
1406	2010-2011	1481000.0	0.0
1406	2011-2012	1407000.0	-4.9966239027684
1406	2012-2013	1407000.0	0.0
1406	2013-2014	1407000.0	0.0
1406	2014-2015	1407000.0	0.0
1406	2015-2016	1407000.0	0.0
1406	2016-2017	1407000.0	0.0
1406	2017-2018	1407000.0	0.0
1406	2018-2019	1407000.0	0.0
1406	2019-2020	1477000.0	4.975124378109453
1417	2009-2010	1233000.0	0.0
1417	2010-2011	1171000.0	-5.02838605028386
1417	2011-2012	1112000.0	-5.038428693424423
1417	2012-2013	1056000.0	-5.0359712230215825
1417	2013-2014	1003000.0	-5.018939393939394
1417	2014-2015	1003000.0	0.0
1417	2015-2016	1003000.0	0.0
1417	2016-2017	1003000.0	0.0
1417	2017-2018	1003000.0	0.0
1417	2018-2019	1003000.0	0.0
1417	2019-2020	1003000.0	0.0
1418	2009-2010	1233000.0	0.0
1418	2010-2011	1171000.0	-5.02838605028386
1418	2011-2012	1112000.0	-5.038428693424423
1418	2012-2013	1056000.0	-5.0359712230215825
1418	2013-2014	1003000.0	-5.018939393939394
1418	2014-2015	1003000.0	0.0
1418	2015-2016	1003000.0	0.0
1418	2016-2017	1003000.0	0.0
1418	2017-2018	1003000.0	0.0
1418	2018-2019	1003000.0	0.0
1418	2019-2020	1003000.0	0.0
1422	2009-2010	2373000.0	0.0
1422	2010-2011	2254000.0	-5.014749262536873
1422	2011-2012	2141000.0	-5.013309671694765
1422	2012-2013	2034000.0	-4.9976646426903315
1422	2013-2014	1932000.0	-5.014749262536873
1422	2014-2015	0.0	0.0
1422	2015-2016	0.0	0.0
1422	2016-2017	0.0	0.0
1422	2017-2018	1932000.0	0.0
1422	2018-2019	1932000.0	0.0
1422	2019-2020	1932000.0	0.0
1431	2009-2010	935000.0	0.0
1431	2010-2011	980000.0	4.81283422459893
1431	2011-2012	900000.0	-8.16326530612245
1431	2012-2013	900000.0	0.0
1431	2013-2014	900000.0	0.0
1431	2014-2015	900000.0	0.0
1431	2015-2016	950000.0	5.555555555555555
1431	2016-2017	975000.0	2.631578947368421
1431	2017-2018	1100000.0	12.82051282051282
1431	2018-2019	1200000.0	9.090909090909092
1431	2019-2020	1225000.0	2.083333333333333
1432	2009-2010	894000.0	0.0
1432	2010-2011	937000.0	4.809843400447427
1432	2011-2012	937000.0	0.0
1432	2012-2013	937000.0	0.0
1432	2013-2014	937000.0	0.0
1432	2014-2015	937000.0	0.0
1432	2015-2016	989000.0	5.549626467449306
1432	2016-2017	1015000.0	2.62891809908999
1432	2017-2018	1145000.0	12.807881773399016
1432	2018-2019	1249000.0	9.08296943231441
1432	2019-2020	1275000.0	2.0816653322658127
1435	2009-2010	866000.0	0.0
1435	2010-2011	906000.0	4.618937644341801
1435	2011-2012	906000.0	0.0
1435	2012-2013	906000.0	0.0
1435	2013-2014	906000.0	0.0
1435	2014-2015	906000.0	0.0
1435	2015-2016	941000.0	3.863134657836645
1435	2016-2017	966000.0	2.6567481402763016
1435	2017-2018	1090000.0	12.836438923395447
1435	2018-2019	1189000.0	9.08256880733945
1435	2019-2020	1214000.0	2.1026072329688814
1436	2009-2010	866000.0	0.0
1436	2010-2011	906000.0	4.618937644341801
1436	2011-2012	906000.0	0.0
1436	2012-2013	906000.0	0.0
1436	2013-2014	906000.0	0.0
1436	2014-2015	906000.0	0.0
1436	2015-2016	941000.0	3.863134657836645
1436	2016-2017	966000.0	2.6567481402763016
1436	2017-2018	1090000.0	12.836438923395447
1436	2018-2019	1189000.0	9.08256880733945
1436	2019-2020	1214000.0	2.1026072329688814
1437	2009-2010	866000.0	0.0
1437	2010-2011	906000.0	4.618937644341801
1437	2011-2012	906000.0	0.0
1437	2012-2013	906000.0	0.0
1437	2013-2014	906000.0	0.0
1437	2014-2015	906000.0	0.0
1437	2015-2016	941000.0	3.863134657836645
1437	2016-2017	966000.0	2.6567481402763016
1437	2017-2018	1090000.0	12.836438923395447
1437	2018-2019	1189000.0	9.08256880733945
1437	2019-2020	1214000.0	2.1026072329688814
1438	2009-2010	866000.0	0.0
1438	2010-2011	906000.0	4.618937644341801
1438	2011-2012	906000.0	0.0
1438	2012-2013	906000.0	0.0
1438	2013-2014	906000.0	0.0
1438	2014-2015	906000.0	0.0
1438	2015-2016	941000.0	3.863134657836645
1438	2016-2017	966000.0	2.6567481402763016
1438	2017-2018	1090000.0	12.836438923395447
1438	2018-2019	1189000.0	9.08256880733945
1438	2019-2020	1214000.0	2.1026072329688814
1439	2009-2010	866000.0	0.0
1439	2010-2011	906000.0	4.618937644341801
1439	2011-2012	906000.0	0.0
1439	2012-2013	906000.0	0.0
1439	2013-2014	906000.0	0.0
1439	2014-2015	906000.0	0.0
1439	2015-2016	941000.0	3.863134657836645
1439	2016-2017	966000.0	2.6567481402763016
1439	2017-2018	1090000.0	12.836438923395447
1439	2018-2019	1189000.0	9.08256880733945
1439	2019-2020	1214000.0	2.1026072329688814
1440	2009-2010	866000.0	0.0
1440	2010-2011	906000.0	4.618937644341801
1440	2011-2012	906000.0	0.0
1440	2012-2013	906000.0	0.0
1440	2013-2014	906000.0	0.0
1440	2014-2015	906000.0	0.0
1440	2015-2016	941000.0	3.863134657836645
1440	2016-2017	966000.0	2.6567481402763016
1440	2017-2018	1090000.0	12.836438923395447
1440	2018-2019	1189000.0	9.08256880733945
1440	2019-2020	1214000.0	2.1026072329688814
1449	2009-2010	0.0	0.0
1449	2010-2011	0.0	0.0
1449	2011-2012	7714000.0	0.0
1449	2012-2013	7714000.0	0.0
1449	2013-2014	7714000.0	0.0
1449	2014-2015	7714000.0	0.0
1449	2015-2016	7714000.0	0.0
1449	2016-2017	7714000.0	0.0
1449	2017-2018	7714000.0	0.0
1449	2018-2019	7714000.0	0.0
1449	2019-2020	7714000.0	0.0
1503	2009-2010	0.0	0.0
1503	2010-2011	0.0	0.0
1503	2011-2012	7714000.0	0.0
1503	2012-2013	7714000.0	0.0
1503	2013-2014	7714000.0	0.0
1503	2014-2015	7714000.0	0.0
1503	2015-2016	7714000.0	0.0
1503	2016-2017	7714000.0	0.0
1503	2017-2018	7714000.0	0.0
1503	2018-2019	7714000.0	0.0
1503	2019-2020	7714000.0	0.0
1504	2009-2010	0.0	0.0
1504	2010-2011	0.0	0.0
1504	2011-2012	7714000.0	0.0
1504	2012-2013	7714000.0	0.0
1504	2013-2014	7714000.0	0.0
1504	2014-2015	7714000.0	0.0
1504	2015-2016	7714000.0	0.0
1504	2016-2017	7714000.0	0.0
1504	2017-2018	7714000.0	0.0
1504	2018-2019	7714000.0	0.0
1504	2019-2020	7714000.0	0.0
1505	2009-2010	0.0	0.0
1505	2010-2011	0.0	0.0
1505	2011-2012	7714000.0	0.0
1505	2012-2013	7714000.0	0.0
1505	2013-2014	7714000.0	0.0
1505	2014-2015	7714000.0	0.0
1505	2015-2016	7714000.0	0.0
1505	2016-2017	7714000.0	0.0
1505	2017-2018	7714000.0	0.0
1505	2018-2019	7714000.0	0.0
1505	2019-2020	7714000.0	0.0
1506	2009-2010	0.0	0.0
1506	2010-2011	0.0	0.0
1506	2011-2012	7714000.0	0.0
1506	2012-2013	7714000.0	0.0
1506	2013-2014	7714000.0	0.0
1506	2014-2015	7714000.0	0.0
1506	2015-2016	7714000.0	0.0
1506	2016-2017	7714000.0	0.0
1506	2017-2018	7714000.0	0.0
1506	2018-2019	7714000.0	0.0
1506	2019-2020	7714000.0	0.0
1507	2009-2010	0.0	0.0
1507	2010-2011	0.0	0.0
1507	2011-2012	7714000.0	0.0
1507	2012-2013	7714000.0	0.0
1507	2013-2014	7714000.0	0.0
1507	2014-2015	7714000.0	0.0
1507	2015-2016	7714000.0	0.0
1507	2016-2017	7714000.0	0.0
1507	2017-2018	7714000.0	0.0
1507	2018-2019	7714000.0	0.0
1507	2019-2020	7714000.0	0.0
1568	2009-2010	0.0	0.0
1568	2010-2011	0.0	0.0
1568	2011-2012	7714000.0	0.0
1568	2012-2013	7714000.0	0.0
1568	2013-2014	7714000.0	0.0
1568	2014-2015	7714000.0	0.0
1568	2015-2016	7714000.0	0.0
1568	2016-2017	7714000.0	0.0
1568	2017-2018	7714000.0	0.0
1568	2018-2019	7714000.0	0.0
1568	2019-2020	7714000.0	0.0
1604	2009-2010	25662000.0	0.0
1604	2010-2011	24379000.0	-4.999610318759255
1604	2011-2012	23160000.0	-5.000205094548587
1604	2012-2013	22002000.0	-5.0
1604	2013-2014	20902000.0	-4.999545495864012
1604	2014-2015	20902000.0	0.0
1604	2015-2016	20486900.0	-1.9859343603482922
1604	2016-2017	20486900.0	0.0
1604	2017-2018	20486900.0	0.0
1604	2018-2019	20486900.0	0.0
1604	2019-2020	20486900.0	0.0
1646	2009-2010	866000.0	0.0
1646	2010-2011	906000.0	4.618937644341801
1646	2011-2012	906000.0	0.0
1646	2012-2013	906000.0	0.0
1646	2013-2014	906000.0	0.0
1646	2014-2015	906000.0	0.0
1646	2015-2016	941000.0	3.863134657836645
1646	2016-2017	966000.0	2.6567481402763016
1646	2017-2018	1090000.0	12.836438923395447
1646	2018-2019	1189000.0	9.08256880733945
1646	2019-2020	1214000.0	2.1026072329688814
1647	2009-2010	770000.0	0.0
1647	2010-2011	805000.0	4.545454545454546
1647	2011-2012	805000.0	0.0
1647	2012-2013	805000.0	0.0
1647	2013-2014	805000.0	0.0
1647	2014-2015	805000.0	0.0
1647	2015-2016	836000.0	3.8509316770186333
1647	2016-2017	858000.0	2.631578947368421
1647	2017-2018	968000.0	12.82051282051282
1647	2018-2019	1056000.0	9.090909090909092
1647	2019-2020	1078000.0	2.083333333333333
1649	2009-2010	866000.0	0.0
1649	2010-2011	906000.0	4.618937644341801
1649	2011-2012	906000.0	0.0
1649	2012-2013	906000.0	0.0
1649	2013-2014	906000.0	0.0
1649	2014-2015	906000.0	0.0
1649	2015-2016	941000.0	3.863134657836645
1649	2016-2017	966000.0	2.6567481402763016
1649	2017-2018	1090000.0	12.836438923395447
1649	2018-2019	1189000.0	9.08256880733945
1649	2019-2020	1214000.0	2.1026072329688814
1650	2009-2010	804000.0	0.0
1650	2010-2011	841000.0	4.601990049751244
1650	2011-2012	841000.0	0.0
1650	2012-2013	841000.0	0.0
1650	2013-2014	841000.0	0.0
1650	2014-2015	841000.0	0.0
1650	2015-2016	873000.0	3.804994054696789
1650	2016-2017	896000.0	2.6345933562428407
1650	2017-2018	1011000.0	12.834821428571427
1650	2018-2019	1103000.0	9.099901088031652
1650	2019-2020	1126000.0	2.085222121486854
1651	2009-2010	938000.0	0.0
1651	2010-2011	981000.0	4.584221748400854
1651	2011-2012	981000.0	0.0
1651	2012-2013	981000.0	0.0
1651	2013-2014	981000.0	0.0
1651	2014-2015	981000.0	0.0
1651	2015-2016	1019000.0	3.873598369011213
1651	2016-2017	1046000.0	2.649656526005888
1651	2017-2018	1180000.0	12.810707456978967
1651	2018-2019	1287000.0	9.067796610169491
1651	2019-2020	1314000.0	2.097902097902098
1652	2009-2010	938000.0	0.0
1652	2010-2011	981000.0	4.584221748400854
1652	2011-2012	981000.0	0.0
1652	2012-2013	981000.0	0.0
1652	2013-2014	981000.0	0.0
1652	2014-2015	981000.0	0.0
1652	2015-2016	1019000.0	3.873598369011213
1652	2016-2017	1046000.0	2.649656526005888
1652	2017-2018	1180000.0	12.810707456978967
1652	2018-2019	1287000.0	9.067796610169491
1652	2019-2020	1314000.0	2.097902097902098
1654	2009-2010	875000.0	0.0
1654	2010-2011	915000.0	4.571428571428571
1654	2011-2012	915000.0	0.0
1654	2012-2013	915000.0	0.0
1654	2013-2014	915000.0	0.0
1654	2014-2015	915000.0	0.0
1654	2015-2016	950000.0	3.825136612021858
1654	2016-2017	975000.0	2.631578947368421
1654	2017-2018	1100000.0	12.82051282051282
1654	2018-2019	1200000.0	9.090909090909092
1654	2019-2020	1225000.0	2.083333333333333
1655	2009-2010	875000.0	0.0
1655	2010-2011	915000.0	4.571428571428571
1655	2011-2012	915000.0	0.0
1655	2012-2013	915000.0	0.0
1655	2013-2014	915000.0	0.0
1655	2014-2015	915000.0	0.0
1655	2015-2016	950000.0	3.825136612021858
1655	2016-2017	975000.0	2.631578947368421
1655	2017-2018	1100000.0	12.82051282051282
1655	2018-2019	1200000.0	9.090909090909092
1655	2019-2020	1225000.0	2.083333333333333
1656	2009-2010	875000.0	0.0
1656	2010-2011	915000.0	4.571428571428571
1656	2011-2012	915000.0	0.0
1656	2012-2013	915000.0	0.0
1656	2013-2014	915000.0	0.0
1656	2014-2015	915000.0	0.0
1656	2015-2016	950000.0	3.825136612021858
1656	2016-2017	975000.0	2.631578947368421
1656	2017-2018	1100000.0	12.82051282051282
1656	2018-2019	1200000.0	9.090909090909092
1656	2019-2020	1225000.0	2.083333333333333
1657	2009-2010	1200000.0	0.0
1657	2010-2011	1320000.0	10.0
1657	2011-2012	1452000.0	10.0
1657	2012-2013	1452000.0	0.0
1657	2013-2014	1525000.0	5.027548209366391
1657	2014-2015	1525000.0	0.0
1657	2015-2016	1525000.0	0.0
1657	2016-2017	1525000.0	0.0
1657	2017-2018	1525000.0	0.0
1657	2018-2019	1525000.0	0.0
1657	2019-2020	1525000.0	0.0
1659	2009-2010	66000.0	0.0
1659	2010-2011	66000.0	0.0
1659	2011-2012	66000.0	0.0
1659	2012-2013	66000.0	0.0
1659	2013-2014	66000.0	0.0
1659	2014-2015	66000.0	0.0
1659	2015-2016	66000.0	0.0
1659	2016-2017	66000.0	0.0
1659	2017-2018	66000.0	0.0
1659	2018-2019	66000.0	0.0
1659	2019-2020	66000.0	0.0
1662	2009-2010	894000.0	0.0
1662	2010-2011	937000.0	4.809843400447427
1662	2011-2012	937000.0	0.0
1662	2012-2013	937000.0	0.0
1662	2013-2014	937000.0	0.0
1662	2014-2015	937000.0	0.0
1662	2015-2016	989000.0	5.549626467449306
1662	2016-2017	1015000.0	2.62891809908999
1662	2017-2018	1145000.0	12.807881773399016
1662	2018-2019	1249000.0	9.08296943231441
1662	2019-2020	1275000.0	2.0816653322658127
1663	2009-2010	935000.0	0.0
1663	2010-2011	980000.0	4.81283422459893
1663	2011-2012	980000.0	0.0
1663	2012-2013	980000.0	0.0
1663	2013-2014	980000.0	0.0
1663	2014-2015	980000.0	0.0
1663	2015-2016	1034000.0	5.510204081632653
1663	2016-2017	1061000.0	2.611218568665377
1663	2017-2018	1197000.0	12.818096135721019
1663	2018-2019	1306000.0	9.10609857978279
1663	2019-2020	1333000.0	2.0673813169984685
1664	2009-2010	935000.0	0.0
1664	2010-2011	980000.0	4.81283422459893
1664	2011-2012	980000.0	0.0
1664	2012-2013	980000.0	0.0
1664	2013-2014	980000.0	0.0
1664	2014-2015	980000.0	0.0
1664	2015-2016	1034000.0	5.510204081632653
1664	2016-2017	1061000.0	2.611218568665377
1664	2017-2018	1197000.0	12.818096135721019
1664	2018-2019	1306000.0	9.10609857978279
1664	2019-2020	1333000.0	2.0673813169984685
1665	2009-2010	879000.0	0.0
1665	2010-2011	921000.0	4.778156996587031
1665	2011-2012	921000.0	0.0
1665	2012-2013	921000.0	0.0
1665	2013-2014	921000.0	0.0
1665	2014-2015	921000.0	0.0
1665	2015-2016	972000.0	5.537459283387622
1665	2016-2017	998000.0	2.674897119341564
1665	2017-2018	1126000.0	12.825651302605209
1665	2018-2019	1228000.0	9.058614564831261
1665	2019-2020	1254000.0	2.1172638436482085
1666	2009-2010	862000.0	0.0
1666	2010-2011	903000.0	4.756380510440835
1666	2011-2012	903000.0	0.0
1666	2012-2013	903000.0	0.0
1666	2013-2014	903000.0	0.0
1666	2014-2015	903000.0	0.0
1666	2015-2016	953000.0	5.537098560354374
1666	2016-2017	978000.0	2.6232948583420774
1666	2017-2018	1103000.0	12.781186094069529
1666	2018-2019	1203000.0	9.066183136899365
1666	2019-2020	1228000.0	2.0781379883624274
1667	2009-2010	894000.0	0.0
1667	2010-2011	937000.0	4.809843400447427
1667	2011-2012	937000.0	0.0
1667	2012-2013	937000.0	0.0
1667	2013-2014	937000.0	0.0
1667	2014-2015	937000.0	0.0
1667	2015-2016	989000.0	5.549626467449306
1667	2016-2017	1015000.0	2.62891809908999
1667	2017-2018	1145000.0	12.807881773399016
1667	2018-2019	1249000.0	9.08296943231441
1667	2019-2020	1275000.0	2.0816653322658127
1668	2009-2010	894000.0	0.0
1668	2010-2011	937000.0	4.809843400447427
1668	2011-2012	937000.0	0.0
1668	2012-2013	937000.0	0.0
1668	2013-2014	937000.0	0.0
1668	2014-2015	937000.0	0.0
1668	2015-2016	989000.0	5.549626467449306
1668	2016-2017	1015000.0	2.62891809908999
1668	2017-2018	1145000.0	12.807881773399016
1668	2018-2019	1249000.0	9.08296943231441
1668	2019-2020	1275000.0	2.0816653322658127
1671	2009-2010	943000.0	0.0
1671	2010-2011	1101000.0	16.755037115588546
1671	2011-2012	1101000.0	0.0
1671	2012-2013	1101000.0	0.0
1671	2013-2014	1101000.0	0.0
1671	2014-2015	1101000.0	0.0
1671	2015-2016	1162000.0	5.540417801998183
1671	2016-2017	1193000.0	2.667814113597246
1671	2017-2018	1346000.0	12.824811399832356
1671	2018-2019	1468000.0	9.063893016344725
1671	2019-2020	1468000.0	0.0
1672	2009-2010	943000.0	0.0
1672	2010-2011	1101000.0	16.755037115588546
1672	2011-2012	1101000.0	0.0
1672	2012-2013	1101000.0	0.0
1672	2013-2014	1101000.0	0.0
1672	2014-2015	1101000.0	0.0
1672	2015-2016	1162000.0	5.540417801998183
1672	2016-2017	1193000.0	2.667814113597246
1672	2017-2018	1346000.0	12.824811399832356
1672	2018-2019	1468000.0	9.063893016344725
1672	2019-2020	1468000.0	0.0
1673	2009-2010	862000.0	0.0
1673	2010-2011	901000.0	4.524361948955916
1673	2011-2012	901000.0	0.0
1673	2012-2013	901000.0	0.0
1673	2013-2014	901000.0	0.0
1673	2014-2015	901000.0	0.0
1673	2015-2016	935000.0	3.7735849056603774
1673	2016-2017	960000.0	2.6737967914438503
1673	2017-2018	1083000.0	12.812499999999998
1673	2018-2019	1181000.0	9.04893813481071
1673	2019-2020	1206000.0	2.1168501270110074
1676	2009-2010	954000.0	0.0
1676	2010-2011	998000.0	4.612159329140461
1676	2011-2012	998000.0	0.0
1676	2012-2013	998000.0	0.0
1676	2013-2014	998000.0	0.0
1676	2014-2015	998000.0	0.0
1676	2015-2016	1036000.0	3.807615230460922
1676	2016-2017	1063000.0	2.606177606177606
1676	2017-2018	1199000.0	12.793979303857009
1676	2018-2019	1308000.0	9.090909090909092
1676	2019-2020	1335000.0	2.064220183486239
1677	2009-2010	873000.0	0.0
1677	2010-2011	915000.0	4.810996563573884
1677	2011-2012	915000.0	0.0
1677	2012-2013	915000.0	0.0
1677	2013-2014	915000.0	0.0
1677	2014-2015	915000.0	0.0
1677	2015-2016	966000.0	5.573770491803279
1677	2016-2017	991000.0	2.587991718426501
1677	2017-2018	1118000.0	12.815338042381432
1677	2018-2019	1220000.0	9.123434704830053
1677	2019-2020	1245000.0	2.0491803278688523
1678	2009-2010	879000.0	0.0
1678	2010-2011	921000.0	4.778156996587031
1678	2011-2012	921000.0	0.0
1678	2012-2013	921000.0	0.0
1678	2013-2014	921000.0	0.0
1678	2014-2015	921000.0	0.0
1678	2015-2016	972000.0	5.537459283387622
1678	2016-2017	998000.0	2.674897119341564
1678	2017-2018	1126000.0	12.825651302605209
1678	2018-2019	1228000.0	9.058614564831261
1678	2019-2020	1254000.0	2.1172638436482085
