StreetAddressID	Year	UnImprovedValue	YearlyGrowthRation
71913	2009-2010	0.0	0.0
71913	2010-2011	0.0	0.0
71913	2011-2012	0.0	0.0
71913	2012-2013	0.0	0.0
71913	2013-2014	334000.0	0.0
71913	2014-2015	335000.0	0.29940119760479045
71913	2015-2016	335000.0	0.0
71913	2016-2017	393000.0	17.313432835820898
71913	2017-2018	415000.0	5.597964376590331
71913	2018-2019	415000.0	0.0
71913	2019-2020	437000.0	5.301204819277109
71914	2009-2010	0.0	0.0
71914	2010-2011	0.0	0.0
71914	2011-2012	0.0	0.0
71914	2012-2013	0.0	0.0
71914	2013-2014	313000.0	0.0
71914	2014-2015	314000.0	0.3194888178913738
71914	2015-2016	314000.0	0.0
71914	2016-2017	369000.0	17.51592356687898
71914	2017-2018	390000.0	5.691056910569105
71914	2018-2019	390000.0	0.0
71914	2019-2020	411000.0	5.384615384615385
71916	2009-2010	0.0	0.0
71916	2010-2011	0.0	0.0
71916	2011-2012	0.0	0.0
71916	2012-2013	0.0	0.0
71916	2013-2014	313000.0	0.0
71916	2014-2015	314000.0	0.3194888178913738
71916	2015-2016	314000.0	0.0
71916	2016-2017	369000.0	17.51592356687898
71916	2017-2018	390000.0	5.691056910569105
71916	2018-2019	390000.0	0.0
71916	2019-2020	411000.0	5.384615384615385
71918	2009-2010	0.0	0.0
71918	2010-2011	0.0	0.0
71918	2011-2012	0.0	0.0
71918	2012-2013	0.0	0.0
71918	2013-2014	282000.0	0.0
71918	2014-2015	283000.0	0.3546099290780142
71918	2015-2016	283000.0	0.0
71918	2016-2017	332000.0	17.314487632508836
71918	2017-2018	350000.0	5.421686746987952
71918	2018-2019	350000.0	0.0
71918	2019-2020	368000.0	5.142857142857142
71920	2009-2010	0.0	0.0
71920	2010-2011	0.0	0.0
71920	2011-2012	0.0	0.0
71920	2012-2013	0.0	0.0
71920	2013-2014	282000.0	0.0
71920	2014-2015	283000.0	0.3546099290780142
71920	2015-2016	283000.0	0.0
71920	2016-2017	332000.0	17.314487632508836
71920	2017-2018	350000.0	5.421686746987952
71920	2018-2019	350000.0	0.0
71920	2019-2020	368000.0	5.142857142857142
71921	2009-2010	0.0	0.0
71921	2010-2011	0.0	0.0
71921	2011-2012	0.0	0.0
71921	2012-2013	0.0	0.0
71921	2013-2014	225000.0	0.0
71921	2014-2015	226000.0	0.4444444444444444
71921	2015-2016	226000.0	0.0
71921	2016-2017	265000.0	17.25663716814159
71921	2017-2018	280000.0	5.660377358490567
71921	2018-2019	280000.0	0.0
71921	2019-2020	295000.0	5.357142857142857
71922	2009-2010	0.0	0.0
71922	2010-2011	0.0	0.0
71922	2011-2012	0.0	0.0
71922	2012-2013	0.0	0.0
71922	2013-2014	282000.0	0.0
71922	2014-2015	283000.0	0.3546099290780142
71922	2015-2016	283000.0	0.0
71922	2016-2017	332000.0	17.314487632508836
71922	2017-2018	350000.0	5.421686746987952
71922	2018-2019	350000.0	0.0
71922	2019-2020	368000.0	5.142857142857142
71923	2009-2010	0.0	0.0
71923	2010-2011	0.0	0.0
71923	2011-2012	0.0	0.0
71923	2012-2013	0.0	0.0
71923	2013-2014	183000.0	0.0
71923	2014-2015	184000.0	0.546448087431694
71923	2015-2016	184000.0	0.0
71923	2016-2017	216000.0	17.391304347826086
71923	2017-2018	228000.0	5.555555555555555
71923	2018-2019	228000.0	0.0
71923	2019-2020	240000.0	5.263157894736842
71924	2009-2010	0.0	0.0
71924	2010-2011	0.0	0.0
71924	2011-2012	0.0	0.0
71924	2012-2013	0.0	0.0
71924	2013-2014	282000.0	0.0
71924	2014-2015	283000.0	0.3546099290780142
71924	2015-2016	283000.0	0.0
71924	2016-2017	332000.0	17.314487632508836
71924	2017-2018	350000.0	5.421686746987952
71924	2018-2019	350000.0	0.0
71924	2019-2020	368000.0	5.142857142857142
71925	2009-2010	0.0	0.0
71925	2010-2011	0.0	0.0
71925	2011-2012	0.0	0.0
71925	2012-2013	0.0	0.0
71925	2013-2014	177000.0	0.0
71925	2014-2015	178000.0	0.5649717514124294
71925	2015-2016	178000.0	0.0
71925	2016-2017	209000.0	17.415730337078653
71925	2017-2018	221000.0	5.741626794258373
71925	2018-2019	221000.0	0.0
71925	2019-2020	233000.0	5.429864253393665
71926	2009-2010	0.0	0.0
71926	2010-2011	0.0	0.0
71926	2011-2012	0.0	0.0
71926	2012-2013	0.0	0.0
71926	2013-2014	282000.0	0.0
71926	2014-2015	283000.0	0.3546099290780142
71926	2015-2016	283000.0	0.0
71926	2016-2017	332000.0	17.314487632508836
71926	2017-2018	350000.0	5.421686746987952
71926	2018-2019	350000.0	0.0
71926	2019-2020	368000.0	5.142857142857142
71927	2009-2010	0.0	0.0
71927	2010-2011	0.0	0.0
71927	2011-2012	0.0	0.0
71927	2012-2013	0.0	0.0
71927	2013-2014	177000.0	0.0
71927	2014-2015	178000.0	0.5649717514124294
71927	2015-2016	178000.0	0.0
71927	2016-2017	209000.0	17.415730337078653
71927	2017-2018	221000.0	5.741626794258373
71927	2018-2019	221000.0	0.0
71927	2019-2020	233000.0	5.429864253393665
71928	2009-2010	0.0	0.0
71928	2010-2011	0.0	0.0
71928	2011-2012	0.0	0.0
71928	2012-2013	0.0	0.0
71928	2013-2014	282000.0	0.0
71928	2014-2015	283000.0	0.3546099290780142
71928	2015-2016	283000.0	0.0
71928	2016-2017	332000.0	17.314487632508836
71928	2017-2018	350000.0	5.421686746987952
71928	2018-2019	350000.0	0.0
71928	2019-2020	368000.0	5.142857142857142
71929	2009-2010	0.0	0.0
71929	2010-2011	0.0	0.0
71929	2011-2012	0.0	0.0
71929	2012-2013	0.0	0.0
71929	2013-2014	183000.0	0.0
71929	2014-2015	184000.0	0.546448087431694
71929	2015-2016	184000.0	0.0
71929	2016-2017	216000.0	17.391304347826086
71929	2017-2018	228000.0	5.555555555555555
71929	2018-2019	228000.0	0.0
71929	2019-2020	240000.0	5.263157894736842
71930	2009-2010	0.0	0.0
71930	2010-2011	0.0	0.0
71930	2011-2012	0.0	0.0
71930	2012-2013	0.0	0.0
71930	2013-2014	282000.0	0.0
71930	2014-2015	283000.0	0.3546099290780142
71930	2015-2016	283000.0	0.0
71930	2016-2017	332000.0	17.314487632508836
71930	2017-2018	350000.0	5.421686746987952
71930	2018-2019	350000.0	0.0
71930	2019-2020	368000.0	5.142857142857142
71931	2009-2010	0.0	0.0
71931	2010-2011	0.0	0.0
71931	2011-2012	0.0	0.0
71931	2012-2013	0.0	0.0
71931	2013-2014	172000.0	0.0
71931	2014-2015	173000.0	0.5813953488372093
71931	2015-2016	173000.0	0.0
71931	2016-2017	203000.0	17.341040462427745
71931	2017-2018	214000.0	5.41871921182266
71931	2018-2019	214000.0	0.0
71931	2019-2020	225000.0	5.14018691588785
71932	2009-2010	0.0	0.0
71932	2010-2011	0.0	0.0
71932	2011-2012	0.0	0.0
71932	2012-2013	0.0	0.0
71932	2013-2014	282000.0	0.0
71932	2014-2015	283000.0	0.3546099290780142
71932	2015-2016	283000.0	0.0
71932	2016-2017	332000.0	17.314487632508836
71932	2017-2018	350000.0	5.421686746987952
71932	2018-2019	350000.0	0.0
71932	2019-2020	368000.0	5.142857142857142
71933	2009-2010	0.0	0.0
71933	2010-2011	0.0	0.0
71933	2011-2012	0.0	0.0
71933	2012-2013	0.0	0.0
71933	2013-2014	282000.0	0.0
71933	2014-2015	283000.0	0.3546099290780142
71933	2015-2016	283000.0	0.0
71933	2016-2017	332000.0	17.314487632508836
71933	2017-2018	350000.0	5.421686746987952
71933	2018-2019	350000.0	0.0
71933	2019-2020	368000.0	5.142857142857142
71934	2009-2010	0.0	0.0
71934	2010-2011	0.0	0.0
71934	2011-2012	0.0	0.0
71934	2012-2013	0.0	0.0
71934	2013-2014	167000.0	0.0
71934	2014-2015	168000.0	0.5988023952095809
71934	2015-2016	168000.0	0.0
71934	2016-2017	197000.0	17.261904761904763
71934	2017-2018	208000.0	5.583756345177665
71934	2018-2019	208000.0	0.0
71934	2019-2020	219000.0	5.288461538461538
71935	2009-2010	0.0	0.0
71935	2010-2011	0.0	0.0
71935	2011-2012	0.0	0.0
71935	2012-2013	0.0	0.0
71935	2013-2014	282000.0	0.0
71935	2014-2015	283000.0	0.3546099290780142
71935	2015-2016	283000.0	0.0
71935	2016-2017	332000.0	17.314487632508836
71935	2017-2018	350000.0	5.421686746987952
71935	2018-2019	350000.0	0.0
71935	2019-2020	368000.0	5.142857142857142
71937	2009-2010	0.0	0.0
71937	2010-2011	0.0	0.0
71937	2011-2012	0.0	0.0
71937	2012-2013	0.0	0.0
71937	2013-2014	277000.0	0.0
71937	2014-2015	278000.0	0.36101083032490977
71937	2015-2016	278000.0	0.0
71937	2016-2017	326000.0	17.26618705035971
71937	2017-2018	344000.0	5.521472392638037
71937	2018-2019	344000.0	0.0
71937	2019-2020	362000.0	5.232558139534884
71938	2009-2010	0.0	0.0
71938	2010-2011	0.0	0.0
71938	2011-2012	0.0	0.0
71938	2012-2013	0.0	0.0
71938	2013-2014	198000.0	0.0
71938	2014-2015	199000.0	0.5050505050505051
71938	2015-2016	199000.0	0.0
71938	2016-2017	234000.0	17.587939698492463
71938	2017-2018	247000.0	5.555555555555555
71938	2018-2019	247000.0	0.0
71938	2019-2020	260000.0	5.263157894736842
71939	2009-2010	0.0	0.0
71939	2010-2011	0.0	0.0
71939	2011-2012	0.0	0.0
71939	2012-2013	0.0	0.0
71939	2013-2014	271000.0	0.0
71939	2014-2015	272000.0	0.36900369003690037
71939	2015-2016	272000.0	0.0
71939	2016-2017	319000.0	17.27941176470588
71939	2017-2018	337000.0	5.6426332288401255
71939	2018-2019	337000.0	0.0
71939	2019-2020	355000.0	5.341246290801187
71940	2009-2010	0.0	0.0
71940	2010-2011	0.0	0.0
71940	2011-2012	0.0	0.0
71940	2012-2013	0.0	0.0
71940	2013-2014	219000.0	0.0
71940	2014-2015	220000.0	0.45662100456621
71940	2015-2016	220000.0	0.0
71940	2016-2017	258000.0	17.272727272727273
71940	2017-2018	272000.0	5.426356589147287
71940	2018-2019	272000.0	0.0
71940	2019-2020	286000.0	5.147058823529411
71941	2009-2010	0.0	0.0
71941	2010-2011	0.0	0.0
71941	2011-2012	0.0	0.0
71941	2012-2013	0.0	0.0
71941	2013-2014	271000.0	0.0
71941	2014-2015	272000.0	0.36900369003690037
71941	2015-2016	272000.0	0.0
71941	2016-2017	319000.0	17.27941176470588
71941	2017-2018	337000.0	5.6426332288401255
71941	2018-2019	337000.0	0.0
71941	2019-2020	355000.0	5.341246290801187
71942	2009-2010	0.0	0.0
71942	2010-2011	0.0	0.0
71942	2011-2012	0.0	0.0
71942	2012-2013	0.0	0.0
71942	2013-2014	219000.0	0.0
71942	2014-2015	220000.0	0.45662100456621
71942	2015-2016	220000.0	0.0
71942	2016-2017	258000.0	17.272727272727273
71942	2017-2018	272000.0	5.426356589147287
71942	2018-2019	272000.0	0.0
71942	2019-2020	286000.0	5.147058823529411
71943	2009-2010	0.0	0.0
71943	2010-2011	0.0	0.0
71943	2011-2012	0.0	0.0
71943	2012-2013	0.0	0.0
71943	2013-2014	271000.0	0.0
71943	2014-2015	272000.0	0.36900369003690037
71943	2015-2016	272000.0	0.0
71943	2016-2017	319000.0	17.27941176470588
71943	2017-2018	337000.0	5.6426332288401255
71943	2018-2019	337000.0	0.0
71943	2019-2020	355000.0	5.341246290801187
71944	2009-2010	0.0	0.0
71944	2010-2011	0.0	0.0
71944	2011-2012	0.0	0.0
71944	2012-2013	0.0	0.0
71944	2013-2014	219000.0	0.0
71944	2014-2015	220000.0	0.45662100456621
71944	2015-2016	220000.0	0.0
71944	2016-2017	258000.0	17.272727272727273
71944	2017-2018	272000.0	5.426356589147287
71944	2018-2019	272000.0	0.0
71944	2019-2020	286000.0	5.147058823529411
71945	2009-2010	0.0	0.0
71945	2010-2011	0.0	0.0
71945	2011-2012	0.0	0.0
71945	2012-2013	0.0	0.0
71945	2013-2014	271000.0	0.0
71945	2014-2015	272000.0	0.36900369003690037
71945	2015-2016	272000.0	0.0
71945	2016-2017	319000.0	17.27941176470588
71945	2017-2018	337000.0	5.6426332288401255
71945	2018-2019	337000.0	0.0
71945	2019-2020	355000.0	5.341246290801187
71946	2009-2010	0.0	0.0
71946	2010-2011	0.0	0.0
71946	2011-2012	0.0	0.0
71946	2012-2013	0.0	0.0
71946	2013-2014	261000.0	0.0
71946	2014-2015	262000.0	0.38314176245210724
71946	2015-2016	262000.0	0.0
71946	2016-2017	308000.0	17.557251908396946
71946	2017-2018	325000.0	5.51948051948052
71946	2018-2019	325000.0	0.0
71946	2019-2020	342000.0	5.230769230769231
71947	2009-2010	0.0	0.0
71947	2010-2011	0.0	0.0
71947	2011-2012	0.0	0.0
71947	2012-2013	0.0	0.0
71947	2013-2014	261000.0	0.0
71947	2014-2015	262000.0	0.38314176245210724
71947	2015-2016	262000.0	0.0
71947	2016-2017	308000.0	17.557251908396946
71947	2017-2018	325000.0	5.51948051948052
71947	2018-2019	325000.0	0.0
71947	2019-2020	342000.0	5.230769230769231
71948	2009-2010	0.0	0.0
71948	2010-2011	0.0	0.0
71948	2011-2012	0.0	0.0
71948	2012-2013	0.0	0.0
71948	2013-2014	229000.0	0.0
71948	2014-2015	230000.0	0.43668122270742354
71948	2015-2016	230000.0	0.0
71948	2016-2017	270000.0	17.391304347826086
71948	2017-2018	285000.0	5.555555555555555
71948	2018-2019	285000.0	0.0
71948	2019-2020	300000.0	5.263157894736842
71949	2009-2010	0.0	0.0
71949	2010-2011	0.0	0.0
71949	2011-2012	0.0	0.0
71949	2012-2013	0.0	0.0
71949	2013-2014	246000.0	0.0
71949	2014-2015	247000.0	0.40650406504065045
71949	2015-2016	247000.0	0.0
71949	2016-2017	290000.0	17.408906882591094
71949	2017-2018	306000.0	5.517241379310345
71949	2018-2019	306000.0	0.0
71949	2019-2020	322000.0	5.228758169934641
71950	2009-2010	0.0	0.0
71950	2010-2011	0.0	0.0
71950	2011-2012	0.0	0.0
71950	2012-2013	0.0	0.0
71950	2013-2014	219000.0	0.0
71950	2014-2015	220000.0	0.45662100456621
71950	2015-2016	220000.0	0.0
71950	2016-2017	258000.0	17.272727272727273
71950	2017-2018	272000.0	5.426356589147287
71950	2018-2019	272000.0	0.0
71950	2019-2020	286000.0	5.147058823529411
71951	2009-2010	0.0	0.0
71951	2010-2011	0.0	0.0
71951	2011-2012	0.0	0.0
71951	2012-2013	0.0	0.0
71951	2013-2014	219000.0	0.0
71951	2014-2015	220000.0	0.45662100456621
71951	2015-2016	220000.0	0.0
71951	2016-2017	258000.0	17.272727272727273
71951	2017-2018	272000.0	5.426356589147287
71951	2018-2019	272000.0	0.0
71951	2019-2020	286000.0	5.147058823529411
71952	2009-2010	0.0	0.0
71952	2010-2011	0.0	0.0
71952	2011-2012	0.0	0.0
71952	2012-2013	0.0	0.0
71952	2013-2014	229000.0	0.0
71952	2014-2015	230000.0	0.43668122270742354
71952	2015-2016	230000.0	0.0
71952	2016-2017	270000.0	17.391304347826086
71952	2017-2018	285000.0	5.555555555555555
71952	2018-2019	285000.0	0.0
71952	2019-2020	300000.0	5.263157894736842
71953	2009-2010	0.0	0.0
71953	2010-2011	0.0	0.0
71953	2011-2012	0.0	0.0
71953	2012-2013	0.0	0.0
71953	2013-2014	225000.0	0.0
71953	2014-2015	226000.0	0.4444444444444444
71953	2015-2016	226000.0	0.0
71953	2016-2017	265000.0	17.25663716814159
71953	2017-2018	280000.0	5.660377358490567
71953	2018-2019	280000.0	0.0
71953	2019-2020	295000.0	5.357142857142857
71954	2009-2010	0.0	0.0
71954	2010-2011	0.0	0.0
71954	2011-2012	0.0	0.0
71954	2012-2013	0.0	0.0
71954	2013-2014	225000.0	0.0
71954	2014-2015	226000.0	0.4444444444444444
71954	2015-2016	226000.0	0.0
71954	2016-2017	265000.0	17.25663716814159
71954	2017-2018	280000.0	5.660377358490567
71954	2018-2019	280000.0	0.0
71954	2019-2020	295000.0	5.357142857142857
71955	2009-2010	0.0	0.0
71955	2010-2011	0.0	0.0
71955	2011-2012	0.0	0.0
71955	2012-2013	0.0	0.0
71955	2013-2014	219000.0	0.0
71955	2014-2015	220000.0	0.45662100456621
71955	2015-2016	220000.0	0.0
71955	2016-2017	258000.0	17.272727272727273
71955	2017-2018	272000.0	5.426356589147287
71955	2018-2019	272000.0	0.0
71955	2019-2020	286000.0	5.147058823529411
71956	2009-2010	0.0	0.0
71956	2010-2011	0.0	0.0
71956	2011-2012	0.0	0.0
71956	2012-2013	0.0	0.0
71956	2013-2014	0.0	0.0
71956	2014-2015	0.0	0.0
71956	2015-2016	219000.0	0.0
71956	2016-2017	258000.0	17.80821917808219
71956	2017-2018	272000.0	5.426356589147287
71956	2018-2019	272000.0	0.0
71956	2019-2020	286000.0	5.147058823529411
71957	2009-2010	0.0	0.0
71957	2010-2011	0.0	0.0
71957	2011-2012	0.0	0.0
71957	2012-2013	0.0	0.0
71957	2013-2014	214000.0	0.0
71957	2014-2015	215000.0	0.46728971962616817
71957	2015-2016	215000.0	0.0
71957	2016-2017	252000.0	17.209302325581397
71957	2017-2018	266000.0	5.555555555555555
71957	2018-2019	266000.0	0.0
71957	2019-2020	280000.0	5.263157894736842
71958	2009-2010	0.0	0.0
71958	2010-2011	0.0	0.0
71958	2011-2012	0.0	0.0
71958	2012-2013	0.0	0.0
71958	2013-2014	209000.0	0.0
71958	2014-2015	210000.0	0.4784688995215311
71958	2015-2016	210000.0	0.0
71958	2016-2017	247000.0	17.61904761904762
71958	2017-2018	261000.0	5.668016194331984
71958	2018-2019	261000.0	0.0
71958	2019-2020	275000.0	5.363984674329502
71959	2009-2010	0.0	0.0
71959	2010-2011	0.0	0.0
71959	2011-2012	0.0	0.0
71959	2012-2013	0.0	0.0
71959	2013-2014	204000.0	0.0
71959	2014-2015	205000.0	0.49019607843137253
71959	2015-2016	205000.0	0.0
71959	2016-2017	241000.0	17.560975609756095
71959	2017-2018	254000.0	5.394190871369295
71959	2018-2019	254000.0	0.0
71959	2019-2020	267000.0	5.118110236220472
71960	2009-2010	0.0	0.0
71960	2010-2011	0.0	0.0
71960	2011-2012	0.0	0.0
71960	2012-2013	0.0	0.0
71960	2013-2014	204000.0	0.0
71960	2014-2015	205000.0	0.49019607843137253
71960	2015-2016	205000.0	0.0
71960	2016-2017	241000.0	17.560975609756095
71960	2017-2018	254000.0	5.394190871369295
71960	2018-2019	254000.0	0.0
71960	2019-2020	267000.0	5.118110236220472
71962	2009-2010	0.0	0.0
71962	2010-2011	0.0	0.0
71962	2011-2012	0.0	0.0
71962	2012-2013	0.0	0.0
71962	2013-2014	204000.0	0.0
71962	2014-2015	205000.0	0.49019607843137253
71962	2015-2016	205000.0	0.0
71962	2016-2017	241000.0	17.560975609756095
71962	2017-2018	254000.0	5.394190871369295
71962	2018-2019	254000.0	0.0
71962	2019-2020	267000.0	5.118110236220472
71963	2009-2010	0.0	0.0
71963	2010-2011	0.0	0.0
71963	2011-2012	0.0	0.0
71963	2012-2013	0.0	0.0
71963	2013-2014	204000.0	0.0
71963	2014-2015	205000.0	0.49019607843137253
71963	2015-2016	205000.0	0.0
71963	2016-2017	241000.0	17.560975609756095
71963	2017-2018	254000.0	5.394190871369295
71963	2018-2019	254000.0	0.0
71963	2019-2020	267000.0	5.118110236220472
71964	2009-2010	0.0	0.0
71964	2010-2011	0.0	0.0
71964	2011-2012	0.0	0.0
71964	2012-2013	0.0	0.0
71964	2013-2014	204000.0	0.0
71964	2014-2015	205000.0	0.49019607843137253
71964	2015-2016	205000.0	0.0
71964	2016-2017	241000.0	17.560975609756095
71964	2017-2018	254000.0	5.394190871369295
71964	2018-2019	254000.0	0.0
71964	2019-2020	267000.0	5.118110236220472
71965	2009-2010	0.0	0.0
71965	2010-2011	0.0	0.0
71965	2011-2012	0.0	0.0
71965	2012-2013	0.0	0.0
71965	2013-2014	204000.0	0.0
71965	2014-2015	205000.0	0.49019607843137253
71965	2015-2016	205000.0	0.0
71965	2016-2017	241000.0	17.560975609756095
71965	2017-2018	254000.0	5.394190871369295
71965	2018-2019	254000.0	0.0
71965	2019-2020	267000.0	5.118110236220472
71966	2009-2010	0.0	0.0
71966	2010-2011	0.0	0.0
71966	2011-2012	0.0	0.0
71966	2012-2013	0.0	0.0
71966	2013-2014	198000.0	0.0
71966	2014-2015	199000.0	0.5050505050505051
71966	2015-2016	199000.0	0.0
71966	2016-2017	234000.0	17.587939698492463
71966	2017-2018	247000.0	5.555555555555555
71966	2018-2019	247000.0	0.0
71966	2019-2020	260000.0	5.263157894736842
71967	2009-2010	0.0	0.0
71967	2010-2011	0.0	0.0
71967	2011-2012	0.0	0.0
71967	2012-2013	0.0	0.0
71967	2013-2014	219000.0	0.0
71967	2014-2015	220000.0	0.45662100456621
71967	2015-2016	220000.0	0.0
71967	2016-2017	258000.0	17.272727272727273
71967	2017-2018	272000.0	5.426356589147287
71967	2018-2019	272000.0	0.0
71967	2019-2020	286000.0	5.147058823529411
71968	2009-2010	0.0	0.0
71968	2010-2011	0.0	0.0
71968	2011-2012	0.0	0.0
71968	2012-2013	0.0	0.0
71968	2013-2014	193000.0	0.0
71968	2014-2015	194000.0	0.5181347150259068
71968	2015-2016	194000.0	0.0
71968	2016-2017	228000.0	17.525773195876287
71968	2017-2018	241000.0	5.701754385964912
71968	2018-2019	241000.0	0.0
71968	2019-2020	254000.0	5.394190871369295
71969	2009-2010	0.0	0.0
71969	2010-2011	0.0	0.0
71969	2011-2012	0.0	0.0
71969	2012-2013	0.0	0.0
71969	2013-2014	188000.0	0.0
71969	2014-2015	189000.0	0.5319148936170213
71969	2015-2016	189000.0	0.0
71969	2016-2017	222000.0	17.46031746031746
71969	2017-2018	234000.0	5.405405405405405
71969	2018-2019	234000.0	0.0
71969	2019-2020	246000.0	5.128205128205128
71970	2009-2010	0.0	0.0
71970	2010-2011	0.0	0.0
71970	2011-2012	0.0	0.0
71970	2012-2013	0.0	0.0
71970	2013-2014	188000.0	0.0
71970	2014-2015	189000.0	0.5319148936170213
71970	2015-2016	189000.0	0.0
71970	2016-2017	222000.0	17.46031746031746
71970	2017-2018	234000.0	5.405405405405405
71970	2018-2019	234000.0	0.0
71970	2019-2020	246000.0	5.128205128205128
71971	2009-2010	0.0	0.0
71971	2010-2011	0.0	0.0
71971	2011-2012	0.0	0.0
71971	2012-2013	0.0	0.0
71971	2013-2014	188000.0	0.0
71971	2014-2015	189000.0	0.5319148936170213
71971	2015-2016	189000.0	0.0
71971	2016-2017	222000.0	17.46031746031746
71971	2017-2018	234000.0	5.405405405405405
71971	2018-2019	234000.0	0.0
71971	2019-2020	246000.0	5.128205128205128
71972	2009-2010	0.0	0.0
71972	2010-2011	0.0	0.0
71972	2011-2012	0.0	0.0
71972	2012-2013	0.0	0.0
71972	2013-2014	183000.0	0.0
71972	2014-2015	184000.0	0.546448087431694
71972	2015-2016	184000.0	0.0
71972	2016-2017	216000.0	17.391304347826086
71972	2017-2018	228000.0	5.555555555555555
71972	2018-2019	228000.0	0.0
71972	2019-2020	240000.0	5.263157894736842
71973	2009-2010	0.0	0.0
71973	2010-2011	0.0	0.0
71973	2011-2012	0.0	0.0
71973	2012-2013	0.0	0.0
71973	2013-2014	240000.0	0.0
71973	2014-2015	241000.0	0.4166666666666667
71973	2015-2016	241000.0	0.0
71973	2016-2017	283000.0	17.42738589211618
71973	2017-2018	299000.0	5.6537102473498235
71973	2018-2019	299000.0	0.0
71973	2019-2020	315000.0	5.351170568561873
71974	2009-2010	0.0	0.0
71974	2010-2011	0.0	0.0
71974	2011-2012	0.0	0.0
71974	2012-2013	0.0	0.0
71974	2013-2014	183000.0	0.0
71974	2014-2015	184000.0	0.546448087431694
71974	2015-2016	184000.0	0.0
71974	2016-2017	216000.0	17.391304347826086
71974	2017-2018	228000.0	5.555555555555555
71974	2018-2019	228000.0	0.0
71974	2019-2020	240000.0	5.263157894736842
71975	2009-2010	0.0	0.0
71975	2010-2011	0.0	0.0
71975	2011-2012	0.0	0.0
71975	2012-2013	0.0	0.0
71975	2013-2014	188000.0	0.0
71975	2014-2015	189000.0	0.5319148936170213
71975	2015-2016	189000.0	0.0
71975	2016-2017	222000.0	17.46031746031746
71975	2017-2018	234000.0	5.405405405405405
71975	2018-2019	234000.0	0.0
71975	2019-2020	246000.0	5.128205128205128
71976	2009-2010	0.0	0.0
71976	2010-2011	0.0	0.0
71976	2011-2012	0.0	0.0
71976	2012-2013	0.0	0.0
71976	2013-2014	188000.0	0.0
71976	2014-2015	189000.0	0.5319148936170213
71976	2015-2016	189000.0	0.0
71976	2016-2017	222000.0	17.46031746031746
71976	2017-2018	234000.0	5.405405405405405
71976	2018-2019	234000.0	0.0
71976	2019-2020	246000.0	5.128205128205128
71977	2009-2010	0.0	0.0
71977	2010-2011	0.0	0.0
71977	2011-2012	0.0	0.0
71977	2012-2013	0.0	0.0
71977	2013-2014	188000.0	0.0
71977	2014-2015	189000.0	0.5319148936170213
71977	2015-2016	189000.0	0.0
71977	2016-2017	222000.0	17.46031746031746
71977	2017-2018	234000.0	5.405405405405405
71977	2018-2019	234000.0	0.0
71977	2019-2020	246000.0	5.128205128205128
71978	2009-2010	0.0	0.0
71978	2010-2011	0.0	0.0
71978	2011-2012	0.0	0.0
71978	2012-2013	0.0	0.0
71978	2013-2014	214000.0	0.0
71978	2014-2015	215000.0	0.46728971962616817
71978	2015-2016	215000.0	0.0
71978	2016-2017	252000.0	17.209302325581397
71978	2017-2018	266000.0	5.555555555555555
71978	2018-2019	266000.0	0.0
71978	2019-2020	280000.0	5.263157894736842
71979	2009-2010	0.0	0.0
71979	2010-2011	0.0	0.0
71979	2011-2012	0.0	0.0
71979	2012-2013	0.0	0.0
71979	2013-2014	214000.0	0.0
71979	2014-2015	215000.0	0.46728971962616817
71979	2015-2016	215000.0	0.0
71979	2016-2017	252000.0	17.209302325581397
71979	2017-2018	266000.0	5.555555555555555
71979	2018-2019	266000.0	0.0
71979	2019-2020	280000.0	5.263157894736842
71980	2009-2010	0.0	0.0
71980	2010-2011	0.0	0.0
71980	2011-2012	0.0	0.0
71980	2012-2013	0.0	0.0
71980	2013-2014	219000.0	0.0
71980	2014-2015	220000.0	0.45662100456621
71980	2015-2016	220000.0	0.0
71980	2016-2017	258000.0	17.272727272727273
71980	2017-2018	272000.0	5.426356589147287
71980	2018-2019	272000.0	0.0
71980	2019-2020	286000.0	5.147058823529411
71981	2009-2010	0.0	0.0
71981	2010-2011	0.0	0.0
71981	2011-2012	0.0	0.0
71981	2012-2013	0.0	0.0
71981	2013-2014	229000.0	0.0
71981	2014-2015	230000.0	0.43668122270742354
71981	2015-2016	230000.0	0.0
71981	2016-2017	270000.0	17.391304347826086
71981	2017-2018	285000.0	5.555555555555555
71981	2018-2019	285000.0	0.0
71981	2019-2020	300000.0	5.263157894736842
71982	2009-2010	0.0	0.0
71982	2010-2011	0.0	0.0
71982	2011-2012	0.0	0.0
71982	2012-2013	0.0	0.0
71982	2013-2014	219000.0	0.0
71982	2014-2015	220000.0	0.45662100456621
71982	2015-2016	220000.0	0.0
71982	2016-2017	258000.0	17.272727272727273
71982	2017-2018	272000.0	5.426356589147287
71982	2018-2019	272000.0	0.0
71982	2019-2020	286000.0	5.147058823529411
71983	2009-2010	0.0	0.0
71983	2010-2011	0.0	0.0
71983	2011-2012	0.0	0.0
71983	2012-2013	0.0	0.0
71983	2013-2014	219000.0	0.0
71983	2014-2015	220000.0	0.45662100456621
71983	2015-2016	220000.0	0.0
71983	2016-2017	258000.0	17.272727272727273
71983	2017-2018	272000.0	5.426356589147287
71983	2018-2019	272000.0	0.0
71983	2019-2020	286000.0	5.147058823529411
71984	2009-2010	0.0	0.0
71984	2010-2011	0.0	0.0
71984	2011-2012	0.0	0.0
71984	2012-2013	0.0	0.0
71984	2013-2014	219000.0	0.0
71984	2014-2015	220000.0	0.45662100456621
71984	2015-2016	220000.0	0.0
71984	2016-2017	258000.0	17.272727272727273
71984	2017-2018	272000.0	5.426356589147287
71984	2018-2019	272000.0	0.0
71984	2019-2020	286000.0	5.147058823529411
71985	2009-2010	0.0	0.0
71985	2010-2011	0.0	0.0
71985	2011-2012	0.0	0.0
71985	2012-2013	0.0	0.0
71985	2013-2014	214000.0	0.0
71985	2014-2015	215000.0	0.46728971962616817
71985	2015-2016	215000.0	0.0
71985	2016-2017	252000.0	17.209302325581397
71985	2017-2018	266000.0	5.555555555555555
71985	2018-2019	266000.0	0.0
71985	2019-2020	280000.0	5.263157894736842
71986	2009-2010	0.0	0.0
71986	2010-2011	0.0	0.0
71986	2011-2012	0.0	0.0
71986	2012-2013	0.0	0.0
71986	2013-2014	219000.0	0.0
71986	2014-2015	220000.0	0.45662100456621
71986	2015-2016	220000.0	0.0
71986	2016-2017	258000.0	17.272727272727273
71986	2017-2018	272000.0	5.426356589147287
71986	2018-2019	272000.0	0.0
71986	2019-2020	286000.0	5.147058823529411
71987	2009-2010	0.0	0.0
71987	2010-2011	0.0	0.0
71987	2011-2012	0.0	0.0
71987	2012-2013	0.0	0.0
71987	2013-2014	214000.0	0.0
71987	2014-2015	215000.0	0.46728971962616817
71987	2015-2016	215000.0	0.0
71987	2016-2017	252000.0	17.209302325581397
71987	2017-2018	266000.0	5.555555555555555
71987	2018-2019	266000.0	0.0
71987	2019-2020	280000.0	5.263157894736842
71988	2009-2010	0.0	0.0
71988	2010-2011	0.0	0.0
71988	2011-2012	0.0	0.0
71988	2012-2013	0.0	0.0
71988	2013-2014	219000.0	0.0
71988	2014-2015	220000.0	0.45662100456621
71988	2015-2016	220000.0	0.0
71988	2016-2017	258000.0	17.272727272727273
71988	2017-2018	272000.0	5.426356589147287
71988	2018-2019	272000.0	0.0
71988	2019-2020	286000.0	5.147058823529411
71989	2009-2010	0.0	0.0
71989	2010-2011	0.0	0.0
71989	2011-2012	0.0	0.0
71989	2012-2013	0.0	0.0
71989	2013-2014	209000.0	0.0
71989	2014-2015	210000.0	0.4784688995215311
71989	2015-2016	210000.0	0.0
71989	2016-2017	247000.0	17.61904761904762
71989	2017-2018	261000.0	5.668016194331984
71989	2018-2019	261000.0	0.0
71989	2019-2020	275000.0	5.363984674329502
71990	2009-2010	0.0	0.0
71990	2010-2011	0.0	0.0
71990	2011-2012	0.0	0.0
71990	2012-2013	0.0	0.0
71990	2013-2014	198000.0	0.0
71990	2014-2015	199000.0	0.5050505050505051
71990	2015-2016	199000.0	0.0
71990	2016-2017	234000.0	17.587939698492463
71990	2017-2018	247000.0	5.555555555555555
71990	2018-2019	247000.0	0.0
71990	2019-2020	260000.0	5.263157894736842
71991	2009-2010	0.0	0.0
71991	2010-2011	0.0	0.0
71991	2011-2012	0.0	0.0
71991	2012-2013	0.0	0.0
71991	2013-2014	209000.0	0.0
71991	2014-2015	210000.0	0.4784688995215311
71991	2015-2016	210000.0	0.0
71991	2016-2017	247000.0	17.61904761904762
71991	2017-2018	261000.0	5.668016194331984
71991	2018-2019	261000.0	0.0
71991	2019-2020	275000.0	5.363984674329502
71992	2009-2010	0.0	0.0
71992	2010-2011	0.0	0.0
71992	2011-2012	0.0	0.0
71992	2012-2013	0.0	0.0
71992	2013-2014	219000.0	0.0
71992	2014-2015	220000.0	0.45662100456621
71992	2015-2016	220000.0	0.0
71992	2016-2017	258000.0	17.272727272727273
71992	2017-2018	272000.0	5.426356589147287
71992	2018-2019	272000.0	0.0
71992	2019-2020	286000.0	5.147058823529411
71993	2009-2010	0.0	0.0
71993	2010-2011	0.0	0.0
71993	2011-2012	0.0	0.0
71993	2012-2013	0.0	0.0
71993	2013-2014	214000.0	0.0
71993	2014-2015	215000.0	0.46728971962616817
71993	2015-2016	215000.0	0.0
71993	2016-2017	252000.0	17.209302325581397
71993	2017-2018	266000.0	5.555555555555555
71993	2018-2019	266000.0	0.0
71993	2019-2020	280000.0	5.263157894736842
71994	2009-2010	0.0	0.0
71994	2010-2011	0.0	0.0
71994	2011-2012	0.0	0.0
71994	2012-2013	0.0	0.0
71994	2013-2014	167000.0	0.0
71994	2014-2015	168000.0	0.5988023952095809
71994	2015-2016	168000.0	0.0
71994	2016-2017	197000.0	17.261904761904763
71994	2017-2018	208000.0	5.583756345177665
71994	2018-2019	208000.0	0.0
71994	2019-2020	219000.0	5.288461538461538
71995	2009-2010	0.0	0.0
71995	2010-2011	0.0	0.0
71995	2011-2012	0.0	0.0
71995	2012-2013	0.0	0.0
71995	2013-2014	214000.0	0.0
71995	2014-2015	215000.0	0.46728971962616817
71995	2015-2016	215000.0	0.0
71995	2016-2017	252000.0	17.209302325581397
71995	2017-2018	266000.0	5.555555555555555
71995	2018-2019	266000.0	0.0
71995	2019-2020	280000.0	5.263157894736842
71996	2009-2010	0.0	0.0
71996	2010-2011	0.0	0.0
71996	2011-2012	0.0	0.0
71996	2012-2013	0.0	0.0
71996	2013-2014	219000.0	0.0
71996	2014-2015	220000.0	0.45662100456621
71996	2015-2016	220000.0	0.0
71996	2016-2017	258000.0	17.272727272727273
71996	2017-2018	272000.0	5.426356589147287
71996	2018-2019	272000.0	0.0
71996	2019-2020	286000.0	5.147058823529411
71997	2009-2010	0.0	0.0
71997	2010-2011	0.0	0.0
71997	2011-2012	0.0	0.0
71997	2012-2013	0.0	0.0
71997	2013-2014	177000.0	0.0
71997	2014-2015	178000.0	0.5649717514124294
71997	2015-2016	178000.0	0.0
71997	2016-2017	209000.0	17.415730337078653
71997	2017-2018	221000.0	5.741626794258373
71997	2018-2019	221000.0	0.0
71997	2019-2020	233000.0	5.429864253393665
71998	2009-2010	0.0	0.0
71998	2010-2011	0.0	0.0
71998	2011-2012	0.0	0.0
71998	2012-2013	0.0	0.0
71998	2013-2014	198000.0	0.0
71998	2014-2015	199000.0	0.5050505050505051
71998	2015-2016	199000.0	0.0
71998	2016-2017	234000.0	17.587939698492463
71998	2017-2018	247000.0	5.555555555555555
71998	2018-2019	247000.0	0.0
71998	2019-2020	260000.0	5.263157894736842
71999	2009-2010	0.0	0.0
71999	2010-2011	0.0	0.0
71999	2011-2012	0.0	0.0
71999	2012-2013	0.0	0.0
71999	2013-2014	198000.0	0.0
71999	2014-2015	199000.0	0.5050505050505051
71999	2015-2016	199000.0	0.0
71999	2016-2017	234000.0	17.587939698492463
71999	2017-2018	247000.0	5.555555555555555
71999	2018-2019	247000.0	0.0
71999	2019-2020	260000.0	5.263157894736842
72000	2009-2010	0.0	0.0
72000	2010-2011	0.0	0.0
72000	2011-2012	0.0	0.0
72000	2012-2013	0.0	0.0
72000	2013-2014	183000.0	0.0
72000	2014-2015	184000.0	0.546448087431694
72000	2015-2016	184000.0	0.0
72000	2016-2017	216000.0	17.391304347826086
72000	2017-2018	228000.0	5.555555555555555
72000	2018-2019	228000.0	0.0
72000	2019-2020	240000.0	5.263157894736842
72001	2009-2010	0.0	0.0
72001	2010-2011	0.0	0.0
72001	2011-2012	0.0	0.0
72001	2012-2013	0.0	0.0
72001	2013-2014	198000.0	0.0
72001	2014-2015	199000.0	0.5050505050505051
72001	2015-2016	199000.0	0.0
72001	2016-2017	234000.0	17.587939698492463
72001	2017-2018	247000.0	5.555555555555555
72001	2018-2019	247000.0	0.0
72001	2019-2020	260000.0	5.263157894736842
72002	2009-2010	0.0	0.0
72002	2010-2011	0.0	0.0
72002	2011-2012	0.0	0.0
72002	2012-2013	0.0	0.0
72002	2013-2014	188000.0	0.0
72002	2014-2015	189000.0	0.5319148936170213
72002	2015-2016	189000.0	0.0
72002	2016-2017	222000.0	17.46031746031746
72002	2017-2018	234000.0	5.405405405405405
72002	2018-2019	234000.0	0.0
72002	2019-2020	246000.0	5.128205128205128
72003	2009-2010	0.0	0.0
72003	2010-2011	0.0	0.0
72003	2011-2012	0.0	0.0
72003	2012-2013	0.0	0.0
72003	2013-2014	209000.0	0.0
72003	2014-2015	210000.0	0.4784688995215311
72003	2015-2016	210000.0	0.0
72003	2016-2017	247000.0	17.61904761904762
72003	2017-2018	261000.0	5.668016194331984
72003	2018-2019	261000.0	0.0
72003	2019-2020	275000.0	5.363984674329502
72004	2009-2010	0.0	0.0
72004	2010-2011	0.0	0.0
72004	2011-2012	0.0	0.0
72004	2012-2013	0.0	0.0
72004	2013-2014	214000.0	0.0
72004	2014-2015	215000.0	0.46728971962616817
72004	2015-2016	215000.0	0.0
72004	2016-2017	252000.0	17.209302325581397
72004	2017-2018	266000.0	5.555555555555555
72004	2018-2019	266000.0	0.0
72004	2019-2020	280000.0	5.263157894736842
72005	2009-2010	0.0	0.0
72005	2010-2011	0.0	0.0
72005	2011-2012	0.0	0.0
72005	2012-2013	0.0	0.0
72005	2013-2014	229000.0	0.0
72005	2014-2015	230000.0	0.43668122270742354
72005	2015-2016	230000.0	0.0
72005	2016-2017	270000.0	17.391304347826086
72005	2017-2018	285000.0	5.555555555555555
72005	2018-2019	285000.0	0.0
72005	2019-2020	300000.0	5.263157894736842
72006	2009-2010	0.0	0.0
72006	2010-2011	0.0	0.0
72006	2011-2012	0.0	0.0
72006	2012-2013	0.0	0.0
72006	2013-2014	219000.0	0.0
72006	2014-2015	220000.0	0.45662100456621
72006	2015-2016	220000.0	0.0
72006	2016-2017	258000.0	17.272727272727273
72006	2017-2018	272000.0	5.426356589147287
72006	2018-2019	272000.0	0.0
72006	2019-2020	286000.0	5.147058823529411
72007	2009-2010	0.0	0.0
72007	2010-2011	0.0	0.0
72007	2011-2012	0.0	0.0
72007	2012-2013	0.0	0.0
72007	2013-2014	229000.0	0.0
72007	2014-2015	230000.0	0.43668122270742354
72007	2015-2016	230000.0	0.0
72007	2016-2017	270000.0	17.391304347826086
72007	2017-2018	285000.0	5.555555555555555
72007	2018-2019	285000.0	0.0
72007	2019-2020	300000.0	5.263157894736842
72008	2009-2010	0.0	0.0
72008	2010-2011	0.0	0.0
72008	2011-2012	0.0	0.0
72008	2012-2013	0.0	0.0
72008	2013-2014	219000.0	0.0
72008	2014-2015	220000.0	0.45662100456621
72008	2015-2016	220000.0	0.0
72008	2016-2017	258000.0	17.272727272727273
72008	2017-2018	272000.0	5.426356589147287
72008	2018-2019	272000.0	0.0
72008	2019-2020	286000.0	5.147058823529411
72009	2009-2010	0.0	0.0
72009	2010-2011	0.0	0.0
72009	2011-2012	0.0	0.0
72009	2012-2013	0.0	0.0
72009	2013-2014	229000.0	0.0
72009	2014-2015	230000.0	0.43668122270742354
72009	2015-2016	230000.0	0.0
72009	2016-2017	270000.0	17.391304347826086
72009	2017-2018	285000.0	5.555555555555555
72009	2018-2019	285000.0	0.0
72009	2019-2020	300000.0	5.263157894736842
72010	2009-2010	0.0	0.0
72010	2010-2011	0.0	0.0
72010	2011-2012	0.0	0.0
72010	2012-2013	0.0	0.0
72010	2013-2014	219000.0	0.0
72010	2014-2015	220000.0	0.45662100456621
72010	2015-2016	220000.0	0.0
72010	2016-2017	258000.0	17.272727272727273
72010	2017-2018	272000.0	5.426356589147287
72010	2018-2019	272000.0	0.0
72010	2019-2020	286000.0	5.147058823529411
72011	2009-2010	0.0	0.0
72011	2010-2011	0.0	0.0
72011	2011-2012	0.0	0.0
72011	2012-2013	0.0	0.0
72011	2013-2014	225000.0	0.0
72011	2014-2015	226000.0	0.4444444444444444
72011	2015-2016	226000.0	0.0
72011	2016-2017	265000.0	17.25663716814159
72011	2017-2018	280000.0	5.660377358490567
72011	2018-2019	280000.0	0.0
72011	2019-2020	295000.0	5.357142857142857
72012	2009-2010	0.0	0.0
72012	2010-2011	0.0	0.0
72012	2011-2012	0.0	0.0
72012	2012-2013	0.0	0.0
72012	2013-2014	219000.0	0.0
72012	2014-2015	220000.0	0.45662100456621
72012	2015-2016	220000.0	0.0
72012	2016-2017	258000.0	17.272727272727273
72012	2017-2018	272000.0	5.426356589147287
72012	2018-2019	272000.0	0.0
72012	2019-2020	286000.0	5.147058823529411
72013	2009-2010	0.0	0.0
72013	2010-2011	0.0	0.0
72013	2011-2012	0.0	0.0
72013	2012-2013	0.0	0.0
72013	2013-2014	219000.0	0.0
72013	2014-2015	220000.0	0.45662100456621
72013	2015-2016	220000.0	0.0
72013	2016-2017	258000.0	17.272727272727273
72013	2017-2018	272000.0	5.426356589147287
72013	2018-2019	272000.0	0.0
72013	2019-2020	286000.0	5.147058823529411
72014	2009-2010	0.0	0.0
72014	2010-2011	0.0	0.0
72014	2011-2012	0.0	0.0
72014	2012-2013	0.0	0.0
72014	2013-2014	219000.0	0.0
72014	2014-2015	220000.0	0.45662100456621
72014	2015-2016	220000.0	0.0
72014	2016-2017	258000.0	17.272727272727273
72014	2017-2018	272000.0	5.426356589147287
72014	2018-2019	272000.0	0.0
72014	2019-2020	286000.0	5.147058823529411
72015	2009-2010	0.0	0.0
72015	2010-2011	0.0	0.0
72015	2011-2012	0.0	0.0
72015	2012-2013	0.0	0.0
72015	2013-2014	229000.0	0.0
72015	2014-2015	230000.0	0.43668122270742354
72015	2015-2016	230000.0	0.0
72015	2016-2017	270000.0	17.391304347826086
72015	2017-2018	285000.0	5.555555555555555
72015	2018-2019	285000.0	0.0
72015	2019-2020	300000.0	5.263157894736842
72016	2009-2010	0.0	0.0
72016	2010-2011	0.0	0.0
72016	2011-2012	0.0	0.0
72016	2012-2013	0.0	0.0
72016	2013-2014	219000.0	0.0
72016	2014-2015	220000.0	0.45662100456621
72016	2015-2016	220000.0	0.0
72016	2016-2017	258000.0	17.272727272727273
72016	2017-2018	272000.0	5.426356589147287
72016	2018-2019	272000.0	0.0
72016	2019-2020	286000.0	5.147058823529411
72017	2009-2010	0.0	0.0
72017	2010-2011	0.0	0.0
72017	2011-2012	0.0	0.0
72017	2012-2013	0.0	0.0
72017	2013-2014	229000.0	0.0
72017	2014-2015	230000.0	0.43668122270742354
72017	2015-2016	230000.0	0.0
72017	2016-2017	270000.0	17.391304347826086
72017	2017-2018	285000.0	5.555555555555555
72017	2018-2019	285000.0	0.0
72017	2019-2020	300000.0	5.263157894736842
72018	2009-2010	0.0	0.0
72018	2010-2011	0.0	0.0
72018	2011-2012	0.0	0.0
72018	2012-2013	0.0	0.0
72018	2013-2014	229000.0	0.0
72018	2014-2015	230000.0	0.43668122270742354
72018	2015-2016	230000.0	0.0
72018	2016-2017	270000.0	17.391304347826086
72018	2017-2018	285000.0	5.555555555555555
72018	2018-2019	285000.0	0.0
72018	2019-2020	300000.0	5.263157894736842
72019	2009-2010	0.0	0.0
72019	2010-2011	0.0	0.0
72019	2011-2012	0.0	0.0
72019	2012-2013	0.0	0.0
72019	2013-2014	229000.0	0.0
72019	2014-2015	230000.0	0.43668122270742354
72019	2015-2016	230000.0	0.0
72019	2016-2017	270000.0	17.391304347826086
72019	2017-2018	285000.0	5.555555555555555
72019	2018-2019	285000.0	0.0
72019	2019-2020	300000.0	5.263157894736842
72020	2009-2010	0.0	0.0
72020	2010-2011	0.0	0.0
72020	2011-2012	0.0	0.0
72020	2012-2013	0.0	0.0
72020	2013-2014	229000.0	0.0
72020	2014-2015	230000.0	0.43668122270742354
72020	2015-2016	230000.0	0.0
72020	2016-2017	270000.0	17.391304347826086
72020	2017-2018	285000.0	5.555555555555555
72020	2018-2019	285000.0	0.0
72020	2019-2020	300000.0	5.263157894736842
72021	2009-2010	0.0	0.0
72021	2010-2011	0.0	0.0
72021	2011-2012	0.0	0.0
72021	2012-2013	0.0	0.0
72021	2013-2014	0.0	0.0
72021	2014-2015	0.0	0.0
72021	2015-2016	220000.0	0.0
72021	2016-2017	270000.0	22.727272727272727
72021	2017-2018	285000.0	5.555555555555555
72021	2018-2019	285000.0	0.0
72021	2019-2020	300000.0	5.263157894736842
72022	2009-2010	0.0	0.0
72022	2010-2011	0.0	0.0
72022	2011-2012	0.0	0.0
72022	2012-2013	0.0	0.0
72022	2013-2014	229000.0	0.0
72022	2014-2015	230000.0	0.43668122270742354
72022	2015-2016	230000.0	0.0
72022	2016-2017	270000.0	17.391304347826086
72022	2017-2018	285000.0	5.555555555555555
72022	2018-2019	285000.0	0.0
72022	2019-2020	300000.0	5.263157894736842
72023	2009-2010	0.0	0.0
72023	2010-2011	0.0	0.0
72023	2011-2012	0.0	0.0
72023	2012-2013	0.0	0.0
72023	2013-2014	229000.0	0.0
72023	2014-2015	230000.0	0.43668122270742354
72023	2015-2016	230000.0	0.0
72023	2016-2017	270000.0	17.391304347826086
72023	2017-2018	285000.0	5.555555555555555
72023	2018-2019	285000.0	0.0
72023	2019-2020	300000.0	5.263157894736842
72024	2009-2010	0.0	0.0
72024	2010-2011	0.0	0.0
72024	2011-2012	0.0	0.0
72024	2012-2013	0.0	0.0
72024	2013-2014	229000.0	0.0
72024	2014-2015	230000.0	0.43668122270742354
72024	2015-2016	230000.0	0.0
72024	2016-2017	270000.0	17.391304347826086
72024	2017-2018	285000.0	5.555555555555555
72024	2018-2019	285000.0	0.0
72024	2019-2020	300000.0	5.263157894736842
72025	2009-2010	0.0	0.0
72025	2010-2011	0.0	0.0
72025	2011-2012	0.0	0.0
72025	2012-2013	0.0	0.0
72025	2013-2014	246000.0	0.0
72025	2014-2015	247000.0	0.40650406504065045
72025	2015-2016	247000.0	0.0
72025	2016-2017	290000.0	17.408906882591094
72025	2017-2018	306000.0	5.517241379310345
72025	2018-2019	306000.0	0.0
72025	2019-2020	322000.0	5.228758169934641
72026	2009-2010	0.0	0.0
72026	2010-2011	0.0	0.0
72026	2011-2012	0.0	0.0
72026	2012-2013	0.0	0.0
72026	2013-2014	240000.0	0.0
72026	2014-2015	241000.0	0.4166666666666667
72026	2015-2016	241000.0	0.0
72026	2016-2017	283000.0	17.42738589211618
72026	2017-2018	299000.0	5.6537102473498235
72026	2018-2019	299000.0	0.0
72026	2019-2020	315000.0	5.351170568561873
72027	2009-2010	0.0	0.0
72027	2010-2011	0.0	0.0
72027	2011-2012	0.0	0.0
72027	2012-2013	0.0	0.0
72027	2013-2014	246000.0	0.0
72027	2014-2015	247000.0	0.40650406504065045
72027	2015-2016	247000.0	0.0
72027	2016-2017	290000.0	17.408906882591094
72027	2017-2018	306000.0	5.517241379310345
72027	2018-2019	306000.0	0.0
72027	2019-2020	322000.0	5.228758169934641
72028	2009-2010	0.0	0.0
72028	2010-2011	0.0	0.0
72028	2011-2012	0.0	0.0
72028	2012-2013	0.0	0.0
72028	2013-2014	240000.0	0.0
72028	2014-2015	241000.0	0.4166666666666667
72028	2015-2016	241000.0	0.0
72028	2016-2017	283000.0	17.42738589211618
72028	2017-2018	299000.0	5.6537102473498235
72028	2018-2019	299000.0	0.0
72028	2019-2020	315000.0	5.351170568561873
72029	2009-2010	0.0	0.0
72029	2010-2011	0.0	0.0
72029	2011-2012	0.0	0.0
72029	2012-2013	0.0	0.0
72029	2013-2014	246000.0	0.0
72029	2014-2015	247000.0	0.40650406504065045
72029	2015-2016	247000.0	0.0
72029	2016-2017	290000.0	17.408906882591094
72029	2017-2018	306000.0	5.517241379310345
72029	2018-2019	306000.0	0.0
72029	2019-2020	322000.0	5.228758169934641
72030	2009-2010	0.0	0.0
72030	2010-2011	0.0	0.0
72030	2011-2012	0.0	0.0
72030	2012-2013	0.0	0.0
72030	2013-2014	240000.0	0.0
72030	2014-2015	241000.0	0.4166666666666667
72030	2015-2016	241000.0	0.0
72030	2016-2017	283000.0	17.42738589211618
72030	2017-2018	299000.0	5.6537102473498235
72030	2018-2019	299000.0	0.0
72030	2019-2020	315000.0	5.351170568561873
72031	2009-2010	0.0	0.0
72031	2010-2011	0.0	0.0
72031	2011-2012	0.0	0.0
72031	2012-2013	0.0	0.0
72031	2013-2014	256000.0	0.0
72031	2014-2015	257000.0	0.390625
72031	2015-2016	257000.0	0.0
72031	2016-2017	302000.0	17.509727626459142
72031	2017-2018	319000.0	5.629139072847682
72031	2018-2019	319000.0	0.0
72031	2019-2020	336000.0	5.329153605015674
72032	2009-2010	0.0	0.0
72032	2010-2011	0.0	0.0
72032	2011-2012	0.0	0.0
72032	2012-2013	0.0	0.0
72032	2013-2014	250000.0	0.0
72032	2014-2015	251000.0	0.4
72032	2015-2016	251000.0	0.0
72032	2016-2017	295000.0	17.52988047808765
72032	2017-2018	311000.0	5.423728813559322
72032	2018-2019	311000.0	0.0
72032	2019-2020	327000.0	5.144694533762058
