StreetAddressID	Year	UnImprovedValue	YearlyGrowthRation
64297	2009-2010	0.0	0.0
64297	2010-2011	0.0	0.0
64297	2011-2012	0.0	0.0
64297	2012-2013	0.0	0.0
64297	2013-2014	0.0	0.0
64297	2014-2015	0.0	0.0
64297	2015-2016	0.0	0.0
64297	2016-2017	0.0	0.0
64297	2017-2018	400000.0	0.0
64297	2018-2019	400000.0	0.0
64297	2019-2020	400000.0	0.0
64298	2009-2010	0.0	0.0
64298	2010-2011	0.0	0.0
64298	2011-2012	0.0	0.0
64298	2012-2013	0.0	0.0
64298	2013-2014	0.0	0.0
64298	2014-2015	0.0	0.0
64298	2015-2016	0.0	0.0
64298	2016-2017	0.0	0.0
64298	2017-2018	400000.0	0.0
64298	2018-2019	400000.0	0.0
64298	2019-2020	400000.0	0.0
64299	2009-2010	0.0	0.0
64299	2010-2011	0.0	0.0
64299	2011-2012	0.0	0.0
64299	2012-2013	0.0	0.0
64299	2013-2014	0.0	0.0
64299	2014-2015	0.0	0.0
64299	2015-2016	0.0	0.0
64299	2016-2017	0.0	0.0
64299	2017-2018	540000.0	0.0
64299	2018-2019	540000.0	0.0
64299	2019-2020	540000.0	0.0
64300	2009-2010	0.0	0.0
64300	2010-2011	0.0	0.0
64300	2011-2012	0.0	0.0
64300	2012-2013	0.0	0.0
64300	2013-2014	0.0	0.0
64300	2014-2015	0.0	0.0
64300	2015-2016	0.0	0.0
64300	2016-2017	0.0	0.0
64300	2017-2018	400000.0	0.0
64300	2018-2019	400000.0	0.0
64300	2019-2020	400000.0	0.0
64301	2009-2010	0.0	0.0
64301	2010-2011	0.0	0.0
64301	2011-2012	0.0	0.0
64301	2012-2013	0.0	0.0
64301	2013-2014	0.0	0.0
64301	2014-2015	0.0	0.0
64301	2015-2016	0.0	0.0
64301	2016-2017	0.0	0.0
64301	2017-2018	400000.0	0.0
64301	2018-2019	400000.0	0.0
64301	2019-2020	400000.0	0.0
64302	2009-2010	0.0	0.0
64302	2010-2011	0.0	0.0
64302	2011-2012	0.0	0.0
64302	2012-2013	0.0	0.0
64302	2013-2014	0.0	0.0
64302	2014-2015	0.0	0.0
64302	2015-2016	0.0	0.0
64302	2016-2017	0.0	0.0
64302	2017-2018	400000.0	0.0
64302	2018-2019	400000.0	0.0
64302	2019-2020	400000.0	0.0
64303	2009-2010	0.0	0.0
64303	2010-2011	0.0	0.0
64303	2011-2012	0.0	0.0
64303	2012-2013	0.0	0.0
64303	2013-2014	0.0	0.0
64303	2014-2015	0.0	0.0
64303	2015-2016	0.0	0.0
64303	2016-2017	0.0	0.0
64303	2017-2018	430000.0	0.0
64303	2018-2019	430000.0	0.0
64303	2019-2020	430000.0	0.0
64304	2009-2010	0.0	0.0
64304	2010-2011	0.0	0.0
64304	2011-2012	0.0	0.0
64304	2012-2013	0.0	0.0
64304	2013-2014	0.0	0.0
64304	2014-2015	0.0	0.0
64304	2015-2016	0.0	0.0
64304	2016-2017	0.0	0.0
64304	2017-2018	400000.0	0.0
64304	2018-2019	400000.0	0.0
64304	2019-2020	400000.0	0.0
64305	2009-2010	0.0	0.0
64305	2010-2011	0.0	0.0
64305	2011-2012	0.0	0.0
64305	2012-2013	0.0	0.0
64305	2013-2014	0.0	0.0
64305	2014-2015	0.0	0.0
64305	2015-2016	0.0	0.0
64305	2016-2017	0.0	0.0
64305	2017-2018	480000.0	0.0
64305	2018-2019	480000.0	0.0
64305	2019-2020	480000.0	0.0
64306	2009-2010	0.0	0.0
64306	2010-2011	0.0	0.0
64306	2011-2012	0.0	0.0
64306	2012-2013	0.0	0.0
64306	2013-2014	0.0	0.0
64306	2014-2015	0.0	0.0
64306	2015-2016	0.0	0.0
64306	2016-2017	0.0	0.0
64306	2017-2018	400000.0	0.0
64306	2018-2019	400000.0	0.0
64306	2019-2020	400000.0	0.0
64307	2009-2010	0.0	0.0
64307	2010-2011	0.0	0.0
64307	2011-2012	0.0	0.0
64307	2012-2013	0.0	0.0
64307	2013-2014	0.0	0.0
64307	2014-2015	0.0	0.0
64307	2015-2016	0.0	0.0
64307	2016-2017	0.0	0.0
64307	2017-2018	490000.0	0.0
64307	2018-2019	490000.0	0.0
64307	2019-2020	490000.0	0.0
64327	2009-2010	0.0	0.0
64327	2010-2011	0.0	0.0
64327	2011-2012	0.0	0.0
64327	2012-2013	0.0	0.0
64327	2013-2014	0.0	0.0
64327	2014-2015	0.0	0.0
64327	2015-2016	0.0	0.0
64327	2016-2017	0.0	0.0
64327	2017-2018	480000.0	0.0
64327	2018-2019	480000.0	0.0
64327	2019-2020	480000.0	0.0
64329	2009-2010	0.0	0.0
64329	2010-2011	0.0	0.0
64329	2011-2012	0.0	0.0
64329	2012-2013	0.0	0.0
64329	2013-2014	0.0	0.0
64329	2014-2015	0.0	0.0
64329	2015-2016	0.0	0.0
64329	2016-2017	0.0	0.0
64329	2017-2018	0.0	0.0
64329	2018-2019	480000.0	0.0
64329	2019-2020	480000.0	0.0
64331	2009-2010	0.0	0.0
64331	2010-2011	0.0	0.0
64331	2011-2012	0.0	0.0
64331	2012-2013	0.0	0.0
64331	2013-2014	0.0	0.0
64331	2014-2015	0.0	0.0
64331	2015-2016	0.0	0.0
64331	2016-2017	0.0	0.0
64331	2017-2018	480000.0	0.0
64331	2018-2019	480000.0	0.0
64331	2019-2020	480000.0	0.0
64332	2009-2010	0.0	0.0
64332	2010-2011	0.0	0.0
64332	2011-2012	0.0	0.0
64332	2012-2013	0.0	0.0
64332	2013-2014	0.0	0.0
64332	2014-2015	0.0	0.0
64332	2015-2016	0.0	0.0
64332	2016-2017	0.0	0.0
64332	2017-2018	500000.0	0.0
64332	2018-2019	500000.0	0.0
64332	2019-2020	500000.0	0.0
64333	2009-2010	0.0	0.0
64333	2010-2011	0.0	0.0
64333	2011-2012	0.0	0.0
64333	2012-2013	0.0	0.0
64333	2013-2014	0.0	0.0
64333	2014-2015	0.0	0.0
64333	2015-2016	0.0	0.0
64333	2016-2017	0.0	0.0
64333	2017-2018	580000.0	0.0
64333	2018-2019	580000.0	0.0
64333	2019-2020	580000.0	0.0
64337	2009-2010	0.0	0.0
64337	2010-2011	0.0	0.0
64337	2011-2012	0.0	0.0
64337	2012-2013	0.0	0.0
64337	2013-2014	0.0	0.0
64337	2014-2015	0.0	0.0
64337	2015-2016	0.0	0.0
64337	2016-2017	0.0	0.0
64337	2017-2018	480000.0	0.0
64337	2018-2019	480000.0	0.0
64337	2019-2020	480000.0	0.0
64339	2009-2010	0.0	0.0
64339	2010-2011	0.0	0.0
64339	2011-2012	0.0	0.0
64339	2012-2013	0.0	0.0
64339	2013-2014	0.0	0.0
64339	2014-2015	0.0	0.0
64339	2015-2016	0.0	0.0
64339	2016-2017	0.0	0.0
64339	2017-2018	540000.0	0.0
64339	2018-2019	540000.0	0.0
64339	2019-2020	540000.0	0.0
64341	2009-2010	0.0	0.0
64341	2010-2011	0.0	0.0
64341	2011-2012	0.0	0.0
64341	2012-2013	0.0	0.0
64341	2013-2014	0.0	0.0
64341	2014-2015	0.0	0.0
64341	2015-2016	0.0	0.0
64341	2016-2017	0.0	0.0
64341	2017-2018	540000.0	0.0
64341	2018-2019	540000.0	0.0
64341	2019-2020	540000.0	0.0
64345	2009-2010	0.0	0.0
64345	2010-2011	0.0	0.0
64345	2011-2012	0.0	0.0
64345	2012-2013	0.0	0.0
64345	2013-2014	0.0	0.0
64345	2014-2015	0.0	0.0
64345	2015-2016	0.0	0.0
64345	2016-2017	0.0	0.0
64345	2017-2018	540000.0	0.0
64345	2018-2019	540000.0	0.0
64345	2019-2020	540000.0	0.0
64347	2009-2010	0.0	0.0
64347	2010-2011	0.0	0.0
64347	2011-2012	0.0	0.0
64347	2012-2013	0.0	0.0
64347	2013-2014	0.0	0.0
64347	2014-2015	0.0	0.0
64347	2015-2016	0.0	0.0
64347	2016-2017	0.0	0.0
64347	2017-2018	540000.0	0.0
64347	2018-2019	540000.0	0.0
64347	2019-2020	540000.0	0.0
64348	2009-2010	0.0	0.0
64348	2010-2011	0.0	0.0
64348	2011-2012	0.0	0.0
64348	2012-2013	0.0	0.0
64348	2013-2014	0.0	0.0
64348	2014-2015	0.0	0.0
64348	2015-2016	0.0	0.0
64348	2016-2017	0.0	0.0
64348	2017-2018	500000.0	0.0
64348	2018-2019	500000.0	0.0
64348	2019-2020	500000.0	0.0
64350	2009-2010	0.0	0.0
64350	2010-2011	0.0	0.0
64350	2011-2012	0.0	0.0
64350	2012-2013	0.0	0.0
64350	2013-2014	0.0	0.0
64350	2014-2015	0.0	0.0
64350	2015-2016	0.0	0.0
64350	2016-2017	0.0	0.0
64350	2017-2018	560000.0	0.0
64350	2018-2019	560000.0	0.0
64350	2019-2020	560000.0	0.0
64351	2009-2010	0.0	0.0
64351	2010-2011	0.0	0.0
64351	2011-2012	0.0	0.0
64351	2012-2013	0.0	0.0
64351	2013-2014	0.0	0.0
64351	2014-2015	0.0	0.0
64351	2015-2016	0.0	0.0
64351	2016-2017	0.0	0.0
64351	2017-2018	500000.0	0.0
64351	2018-2019	500000.0	0.0
64351	2019-2020	500000.0	0.0
64352	2009-2010	0.0	0.0
64352	2010-2011	0.0	0.0
64352	2011-2012	0.0	0.0
64352	2012-2013	0.0	0.0
64352	2013-2014	0.0	0.0
64352	2014-2015	0.0	0.0
64352	2015-2016	0.0	0.0
64352	2016-2017	0.0	0.0
64352	2017-2018	500000.0	0.0
64352	2018-2019	500000.0	0.0
64352	2019-2020	500000.0	0.0
64353	2009-2010	0.0	0.0
64353	2010-2011	0.0	0.0
64353	2011-2012	0.0	0.0
64353	2012-2013	0.0	0.0
64353	2013-2014	0.0	0.0
64353	2014-2015	0.0	0.0
64353	2015-2016	0.0	0.0
64353	2016-2017	0.0	0.0
64353	2017-2018	0.0	0.0
64353	2018-2019	500000.0	0.0
64353	2019-2020	500000.0	0.0
64354	2009-2010	0.0	0.0
64354	2010-2011	0.0	0.0
64354	2011-2012	0.0	0.0
64354	2012-2013	0.0	0.0
64354	2013-2014	0.0	0.0
64354	2014-2015	0.0	0.0
64354	2015-2016	0.0	0.0
64354	2016-2017	0.0	0.0
64354	2017-2018	500000.0	0.0
64354	2018-2019	500000.0	0.0
64354	2019-2020	500000.0	0.0
64355	2009-2010	0.0	0.0
64355	2010-2011	0.0	0.0
64355	2011-2012	0.0	0.0
64355	2012-2013	0.0	0.0
64355	2013-2014	0.0	0.0
64355	2014-2015	0.0	0.0
64355	2015-2016	0.0	0.0
64355	2016-2017	0.0	0.0
64355	2017-2018	0.0	0.0
64355	2018-2019	500000.0	0.0
64355	2019-2020	500000.0	0.0
64357	2009-2010	0.0	0.0
64357	2010-2011	0.0	0.0
64357	2011-2012	0.0	0.0
64357	2012-2013	0.0	0.0
64357	2013-2014	0.0	0.0
64357	2014-2015	0.0	0.0
64357	2015-2016	0.0	0.0
64357	2016-2017	0.0	0.0
64357	2017-2018	470000.0	0.0
64357	2018-2019	470000.0	0.0
64357	2019-2020	470000.0	0.0
64358	2009-2010	0.0	0.0
64358	2010-2011	0.0	0.0
64358	2011-2012	0.0	0.0
64358	2012-2013	0.0	0.0
64358	2013-2014	0.0	0.0
64358	2014-2015	0.0	0.0
64358	2015-2016	0.0	0.0
64358	2016-2017	0.0	0.0
64358	2017-2018	400000.0	0.0
64358	2018-2019	400000.0	0.0
64358	2019-2020	400000.0	0.0
64359	2009-2010	0.0	0.0
64359	2010-2011	0.0	0.0
64359	2011-2012	0.0	0.0
64359	2012-2013	0.0	0.0
64359	2013-2014	0.0	0.0
64359	2014-2015	0.0	0.0
64359	2015-2016	0.0	0.0
64359	2016-2017	0.0	0.0
64359	2017-2018	490000.0	0.0
64359	2018-2019	490000.0	0.0
64359	2019-2020	490000.0	0.0
64360	2009-2010	0.0	0.0
64360	2010-2011	0.0	0.0
64360	2011-2012	0.0	0.0
64360	2012-2013	0.0	0.0
64360	2013-2014	0.0	0.0
64360	2014-2015	0.0	0.0
64360	2015-2016	0.0	0.0
64360	2016-2017	0.0	0.0
64360	2017-2018	420000.0	0.0
64360	2018-2019	420000.0	0.0
64360	2019-2020	420000.0	0.0
64361	2009-2010	0.0	0.0
64361	2010-2011	0.0	0.0
64361	2011-2012	0.0	0.0
64361	2012-2013	0.0	0.0
64361	2013-2014	0.0	0.0
64361	2014-2015	0.0	0.0
64361	2015-2016	0.0	0.0
64361	2016-2017	0.0	0.0
64361	2017-2018	530000.0	0.0
64361	2018-2019	530000.0	0.0
64361	2019-2020	530000.0	0.0
64362	2009-2010	0.0	0.0
64362	2010-2011	0.0	0.0
64362	2011-2012	0.0	0.0
64362	2012-2013	0.0	0.0
64362	2013-2014	0.0	0.0
64362	2014-2015	0.0	0.0
64362	2015-2016	0.0	0.0
64362	2016-2017	0.0	0.0
64362	2017-2018	390000.0	0.0
64362	2018-2019	390000.0	0.0
64362	2019-2020	390000.0	0.0
64363	2009-2010	0.0	0.0
64363	2010-2011	0.0	0.0
64363	2011-2012	0.0	0.0
64363	2012-2013	0.0	0.0
64363	2013-2014	0.0	0.0
64363	2014-2015	0.0	0.0
64363	2015-2016	0.0	0.0
64363	2016-2017	0.0	0.0
64363	2017-2018	500000.0	0.0
64363	2018-2019	500000.0	0.0
64363	2019-2020	500000.0	0.0
64365	2009-2010	0.0	0.0
64365	2010-2011	0.0	0.0
64365	2011-2012	0.0	0.0
64365	2012-2013	0.0	0.0
64365	2013-2014	0.0	0.0
64365	2014-2015	0.0	0.0
64365	2015-2016	0.0	0.0
64365	2016-2017	0.0	0.0
64365	2017-2018	500000.0	0.0
64365	2018-2019	500000.0	0.0
64365	2019-2020	500000.0	0.0
64366	2009-2010	0.0	0.0
64366	2010-2011	0.0	0.0
64366	2011-2012	0.0	0.0
64366	2012-2013	0.0	0.0
64366	2013-2014	0.0	0.0
64366	2014-2015	0.0	0.0
64366	2015-2016	0.0	0.0
64366	2016-2017	0.0	0.0
64366	2017-2018	450000.0	0.0
64366	2018-2019	450000.0	0.0
64366	2019-2020	450000.0	0.0
64368	2009-2010	0.0	0.0
64368	2010-2011	0.0	0.0
64368	2011-2012	0.0	0.0
64368	2012-2013	0.0	0.0
64368	2013-2014	0.0	0.0
64368	2014-2015	0.0	0.0
64368	2015-2016	0.0	0.0
64368	2016-2017	0.0	0.0
64368	2017-2018	450000.0	0.0
64368	2018-2019	450000.0	0.0
64368	2019-2020	450000.0	0.0
64369	2009-2010	0.0	0.0
64369	2010-2011	0.0	0.0
64369	2011-2012	0.0	0.0
64369	2012-2013	0.0	0.0
64369	2013-2014	0.0	0.0
64369	2014-2015	0.0	0.0
64369	2015-2016	0.0	0.0
64369	2016-2017	0.0	0.0
64369	2017-2018	450000.0	0.0
64369	2018-2019	450000.0	0.0
64369	2019-2020	450000.0	0.0
64370	2009-2010	0.0	0.0
64370	2010-2011	0.0	0.0
64370	2011-2012	0.0	0.0
64370	2012-2013	0.0	0.0
64370	2013-2014	0.0	0.0
64370	2014-2015	0.0	0.0
64370	2015-2016	0.0	0.0
64370	2016-2017	0.0	0.0
64370	2017-2018	450000.0	0.0
64370	2018-2019	450000.0	0.0
64370	2019-2020	450000.0	0.0
64371	2009-2010	0.0	0.0
64371	2010-2011	0.0	0.0
64371	2011-2012	0.0	0.0
64371	2012-2013	0.0	0.0
64371	2013-2014	0.0	0.0
64371	2014-2015	0.0	0.0
64371	2015-2016	0.0	0.0
64371	2016-2017	0.0	0.0
64371	2017-2018	450000.0	0.0
64371	2018-2019	450000.0	0.0
64371	2019-2020	450000.0	0.0
64372	2009-2010	0.0	0.0
64372	2010-2011	0.0	0.0
64372	2011-2012	0.0	0.0
64372	2012-2013	0.0	0.0
64372	2013-2014	0.0	0.0
64372	2014-2015	0.0	0.0
64372	2015-2016	0.0	0.0
64372	2016-2017	0.0	0.0
64372	2017-2018	0.0	0.0
64372	2018-2019	530000.0	0.0
64372	2019-2020	530000.0	0.0
64373	2009-2010	0.0	0.0
64373	2010-2011	0.0	0.0
64373	2011-2012	0.0	0.0
64373	2012-2013	0.0	0.0
64373	2013-2014	0.0	0.0
64373	2014-2015	0.0	0.0
64373	2015-2016	0.0	0.0
64373	2016-2017	0.0	0.0
64373	2017-2018	450000.0	0.0
64373	2018-2019	450000.0	0.0
64373	2019-2020	450000.0	0.0
64374	2009-2010	0.0	0.0
64374	2010-2011	0.0	0.0
64374	2011-2012	0.0	0.0
64374	2012-2013	0.0	0.0
64374	2013-2014	0.0	0.0
64374	2014-2015	0.0	0.0
64374	2015-2016	0.0	0.0
64374	2016-2017	0.0	0.0
64374	2017-2018	0.0	0.0
64374	2018-2019	490000.0	0.0
64374	2019-2020	490000.0	0.0
64375	2009-2010	0.0	0.0
64375	2010-2011	0.0	0.0
64375	2011-2012	0.0	0.0
64375	2012-2013	0.0	0.0
64375	2013-2014	0.0	0.0
64375	2014-2015	0.0	0.0
64375	2015-2016	0.0	0.0
64375	2016-2017	0.0	0.0
64375	2017-2018	440000.0	0.0
64375	2018-2019	440000.0	0.0
64375	2019-2020	440000.0	0.0
64376	2009-2010	0.0	0.0
64376	2010-2011	0.0	0.0
64376	2011-2012	0.0	0.0
64376	2012-2013	0.0	0.0
64376	2013-2014	0.0	0.0
64376	2014-2015	0.0	0.0
64376	2015-2016	0.0	0.0
64376	2016-2017	0.0	0.0
64376	2017-2018	0.0	0.0
64376	2018-2019	0.0	0.0
64376	2019-2020	490000.0	0.0
64377	2009-2010	0.0	0.0
64377	2010-2011	0.0	0.0
64377	2011-2012	0.0	0.0
64377	2012-2013	0.0	0.0
64377	2013-2014	0.0	0.0
64377	2014-2015	0.0	0.0
64377	2015-2016	0.0	0.0
64377	2016-2017	0.0	0.0
64377	2017-2018	450000.0	0.0
64377	2018-2019	450000.0	0.0
64377	2019-2020	450000.0	0.0
64379	2009-2010	0.0	0.0
64379	2010-2011	0.0	0.0
64379	2011-2012	0.0	0.0
64379	2012-2013	0.0	0.0
64379	2013-2014	0.0	0.0
64379	2014-2015	0.0	0.0
64379	2015-2016	0.0	0.0
64379	2016-2017	0.0	0.0
64379	2017-2018	490000.0	0.0
64379	2018-2019	490000.0	0.0
64379	2019-2020	490000.0	0.0
64380	2009-2010	0.0	0.0
64380	2010-2011	0.0	0.0
64380	2011-2012	0.0	0.0
64380	2012-2013	0.0	0.0
64380	2013-2014	0.0	0.0
64380	2014-2015	0.0	0.0
64380	2015-2016	0.0	0.0
64380	2016-2017	0.0	0.0
64380	2017-2018	480000.0	0.0
64380	2018-2019	480000.0	0.0
64380	2019-2020	480000.0	0.0
64382	2009-2010	0.0	0.0
64382	2010-2011	0.0	0.0
64382	2011-2012	0.0	0.0
64382	2012-2013	0.0	0.0
64382	2013-2014	0.0	0.0
64382	2014-2015	0.0	0.0
64382	2015-2016	0.0	0.0
64382	2016-2017	0.0	0.0
64382	2017-2018	370000.0	0.0
64382	2018-2019	370000.0	0.0
64382	2019-2020	370000.0	0.0
64384	2009-2010	0.0	0.0
64384	2010-2011	0.0	0.0
64384	2011-2012	0.0	0.0
64384	2012-2013	0.0	0.0
64384	2013-2014	0.0	0.0
64384	2014-2015	0.0	0.0
64384	2015-2016	0.0	0.0
64384	2016-2017	0.0	0.0
64384	2017-2018	370000.0	0.0
64384	2018-2019	370000.0	0.0
64384	2019-2020	370000.0	0.0
64385	2009-2010	0.0	0.0
64385	2010-2011	0.0	0.0
64385	2011-2012	0.0	0.0
64385	2012-2013	0.0	0.0
64385	2013-2014	0.0	0.0
64385	2014-2015	0.0	0.0
64385	2015-2016	0.0	0.0
64385	2016-2017	0.0	0.0
64385	2017-2018	0.0	0.0
64385	2018-2019	510000.0	0.0
64385	2019-2020	510000.0	0.0
64386	2009-2010	0.0	0.0
64386	2010-2011	0.0	0.0
64386	2011-2012	0.0	0.0
64386	2012-2013	0.0	0.0
64386	2013-2014	0.0	0.0
64386	2014-2015	0.0	0.0
64386	2015-2016	0.0	0.0
64386	2016-2017	0.0	0.0
64386	2017-2018	370000.0	0.0
64386	2018-2019	370000.0	0.0
64386	2019-2020	370000.0	0.0
64388	2009-2010	0.0	0.0
64388	2010-2011	0.0	0.0
64388	2011-2012	0.0	0.0
64388	2012-2013	0.0	0.0
64388	2013-2014	0.0	0.0
64388	2014-2015	0.0	0.0
64388	2015-2016	0.0	0.0
64388	2016-2017	0.0	0.0
64388	2017-2018	370000.0	0.0
64388	2018-2019	370000.0	0.0
64388	2019-2020	370000.0	0.0
64390	2009-2010	0.0	0.0
64390	2010-2011	0.0	0.0
64390	2011-2012	0.0	0.0
64390	2012-2013	0.0	0.0
64390	2013-2014	0.0	0.0
64390	2014-2015	0.0	0.0
64390	2015-2016	0.0	0.0
64390	2016-2017	0.0	0.0
64390	2017-2018	470000.0	0.0
64390	2018-2019	470000.0	0.0
64390	2019-2020	470000.0	0.0
64391	2009-2010	0.0	0.0
64391	2010-2011	0.0	0.0
64391	2011-2012	0.0	0.0
64391	2012-2013	0.0	0.0
64391	2013-2014	0.0	0.0
64391	2014-2015	0.0	0.0
64391	2015-2016	0.0	0.0
64391	2016-2017	0.0	0.0
64391	2017-2018	0.0	0.0
64391	2018-2019	490000.0	0.0
64391	2019-2020	490000.0	0.0
64396	2009-2010	0.0	0.0
64396	2010-2011	0.0	0.0
64396	2011-2012	0.0	0.0
64396	2012-2013	0.0	0.0
64396	2013-2014	0.0	0.0
64396	2014-2015	0.0	0.0
64396	2015-2016	0.0	0.0
64396	2016-2017	0.0	0.0
64396	2017-2018	0.0	0.0
64396	2018-2019	510000.0	0.0
64396	2019-2020	510000.0	0.0
64594	2009-2010	0.0	0.0
64594	2010-2011	0.0	0.0
64594	2011-2012	0.0	0.0
64594	2012-2013	0.0	0.0
64594	2013-2014	0.0	0.0
64594	2014-2015	0.0	0.0
64594	2015-2016	0.0	0.0
64594	2016-2017	0.0	0.0
64594	2017-2018	0.0	0.0
64594	2018-2019	0.0	0.0
64594	2019-2020	570000.0	0.0
64595	2009-2010	0.0	0.0
64595	2010-2011	0.0	0.0
64595	2011-2012	0.0	0.0
64595	2012-2013	0.0	0.0
64595	2013-2014	0.0	0.0
64595	2014-2015	0.0	0.0
64595	2015-2016	0.0	0.0
64595	2016-2017	0.0	0.0
64595	2017-2018	590000.0	0.0
64595	2018-2019	590000.0	0.0
64595	2019-2020	590000.0	0.0
64596	2009-2010	0.0	0.0
64596	2010-2011	0.0	0.0
64596	2011-2012	0.0	0.0
64596	2012-2013	0.0	0.0
64596	2013-2014	0.0	0.0
64596	2014-2015	0.0	0.0
64596	2015-2016	0.0	0.0
64596	2016-2017	0.0	0.0
64596	2017-2018	0.0	0.0
64596	2018-2019	570000.0	0.0
64596	2019-2020	570000.0	0.0
64597	2009-2010	0.0	0.0
64597	2010-2011	0.0	0.0
64597	2011-2012	0.0	0.0
64597	2012-2013	0.0	0.0
64597	2013-2014	0.0	0.0
64597	2014-2015	0.0	0.0
64597	2015-2016	0.0	0.0
64597	2016-2017	0.0	0.0
64597	2017-2018	0.0	0.0
64597	2018-2019	570000.0	0.0
64597	2019-2020	570000.0	0.0
64598	2009-2010	0.0	0.0
64598	2010-2011	0.0	0.0
64598	2011-2012	0.0	0.0
64598	2012-2013	0.0	0.0
64598	2013-2014	0.0	0.0
64598	2014-2015	0.0	0.0
64598	2015-2016	0.0	0.0
64598	2016-2017	0.0	0.0
64598	2017-2018	0.0	0.0
64598	2018-2019	0.0	0.0
64598	2019-2020	520000.0	0.0
64599	2009-2010	0.0	0.0
64599	2010-2011	0.0	0.0
64599	2011-2012	0.0	0.0
64599	2012-2013	0.0	0.0
64599	2013-2014	0.0	0.0
64599	2014-2015	0.0	0.0
64599	2015-2016	0.0	0.0
64599	2016-2017	0.0	0.0
64599	2017-2018	0.0	0.0
64599	2018-2019	0.0	0.0
64599	2019-2020	570000.0	0.0
64607	2009-2010	0.0	0.0
64607	2010-2011	0.0	0.0
64607	2011-2012	0.0	0.0
64607	2012-2013	0.0	0.0
64607	2013-2014	0.0	0.0
64607	2014-2015	0.0	0.0
64607	2015-2016	0.0	0.0
64607	2016-2017	0.0	0.0
64607	2017-2018	510000.0	0.0
64607	2018-2019	510000.0	0.0
64607	2019-2020	510000.0	0.0
64608	2009-2010	0.0	0.0
64608	2010-2011	0.0	0.0
64608	2011-2012	0.0	0.0
64608	2012-2013	0.0	0.0
64608	2013-2014	0.0	0.0
64608	2014-2015	0.0	0.0
64608	2015-2016	0.0	0.0
64608	2016-2017	0.0	0.0
64608	2017-2018	420000.0	0.0
64608	2018-2019	420000.0	0.0
64608	2019-2020	420000.0	0.0
64609	2009-2010	0.0	0.0
64609	2010-2011	0.0	0.0
64609	2011-2012	0.0	0.0
64609	2012-2013	0.0	0.0
64609	2013-2014	0.0	0.0
64609	2014-2015	0.0	0.0
64609	2015-2016	0.0	0.0
64609	2016-2017	0.0	0.0
64609	2017-2018	410000.0	0.0
64609	2018-2019	410000.0	0.0
64609	2019-2020	410000.0	0.0
64626	2009-2010	0.0	0.0
64626	2010-2011	0.0	0.0
64626	2011-2012	0.0	0.0
64626	2012-2013	0.0	0.0
64626	2013-2014	0.0	0.0
64626	2014-2015	0.0	0.0
64626	2015-2016	0.0	0.0
64626	2016-2017	0.0	0.0
64626	2017-2018	510000.0	0.0
64626	2018-2019	510000.0	0.0
64626	2019-2020	510000.0	0.0
64664	2009-2010	0.0	0.0
64664	2010-2011	0.0	0.0
64664	2011-2012	0.0	0.0
64664	2012-2013	0.0	0.0
64664	2013-2014	0.0	0.0
64664	2014-2015	0.0	0.0
64664	2015-2016	0.0	0.0
64664	2016-2017	0.0	0.0
64664	2017-2018	385000.0	0.0
64664	2018-2019	385000.0	0.0
64664	2019-2020	385000.0	0.0
64665	2009-2010	0.0	0.0
64665	2010-2011	0.0	0.0
64665	2011-2012	0.0	0.0
64665	2012-2013	0.0	0.0
64665	2013-2014	0.0	0.0
64665	2014-2015	0.0	0.0
64665	2015-2016	0.0	0.0
64665	2016-2017	0.0	0.0
64665	2017-2018	410000.0	0.0
64665	2018-2019	410000.0	0.0
64665	2019-2020	410000.0	0.0
64666	2009-2010	0.0	0.0
64666	2010-2011	0.0	0.0
64666	2011-2012	0.0	0.0
64666	2012-2013	0.0	0.0
64666	2013-2014	0.0	0.0
64666	2014-2015	0.0	0.0
64666	2015-2016	0.0	0.0
64666	2016-2017	0.0	0.0
64666	2017-2018	405000.0	0.0
64666	2018-2019	405000.0	0.0
64666	2019-2020	405000.0	0.0
64667	2009-2010	0.0	0.0
64667	2010-2011	0.0	0.0
64667	2011-2012	0.0	0.0
64667	2012-2013	0.0	0.0
64667	2013-2014	0.0	0.0
64667	2014-2015	0.0	0.0
64667	2015-2016	0.0	0.0
64667	2016-2017	0.0	0.0
64667	2017-2018	400000.0	0.0
64667	2018-2019	400000.0	0.0
64667	2019-2020	400000.0	0.0
64668	2009-2010	0.0	0.0
64668	2010-2011	0.0	0.0
64668	2011-2012	0.0	0.0
64668	2012-2013	0.0	0.0
64668	2013-2014	0.0	0.0
64668	2014-2015	0.0	0.0
64668	2015-2016	0.0	0.0
64668	2016-2017	0.0	0.0
64668	2017-2018	405000.0	0.0
64668	2018-2019	405000.0	0.0
64668	2019-2020	405000.0	0.0
64670	2009-2010	0.0	0.0
64670	2010-2011	0.0	0.0
64670	2011-2012	0.0	0.0
64670	2012-2013	0.0	0.0
64670	2013-2014	0.0	0.0
64670	2014-2015	0.0	0.0
64670	2015-2016	0.0	0.0
64670	2016-2017	0.0	0.0
64670	2017-2018	405000.0	0.0
64670	2018-2019	405000.0	0.0
64670	2019-2020	405000.0	0.0
64671	2009-2010	0.0	0.0
64671	2010-2011	0.0	0.0
64671	2011-2012	0.0	0.0
64671	2012-2013	0.0	0.0
64671	2013-2014	0.0	0.0
64671	2014-2015	0.0	0.0
64671	2015-2016	0.0	0.0
64671	2016-2017	0.0	0.0
64671	2017-2018	450000.0	0.0
64671	2018-2019	450000.0	0.0
64671	2019-2020	450000.0	0.0
64672	2009-2010	0.0	0.0
64672	2010-2011	0.0	0.0
64672	2011-2012	0.0	0.0
64672	2012-2013	0.0	0.0
64672	2013-2014	0.0	0.0
64672	2014-2015	0.0	0.0
64672	2015-2016	0.0	0.0
64672	2016-2017	0.0	0.0
64672	2017-2018	390000.0	0.0
64672	2018-2019	390000.0	0.0
64672	2019-2020	390000.0	0.0
64673	2009-2010	0.0	0.0
64673	2010-2011	0.0	0.0
64673	2011-2012	0.0	0.0
64673	2012-2013	0.0	0.0
64673	2013-2014	0.0	0.0
64673	2014-2015	0.0	0.0
64673	2015-2016	0.0	0.0
64673	2016-2017	0.0	0.0
64673	2017-2018	375000.0	0.0
64673	2018-2019	375000.0	0.0
64673	2019-2020	375000.0	0.0
64676	2009-2010	0.0	0.0
64676	2010-2011	0.0	0.0
64676	2011-2012	0.0	0.0
64676	2012-2013	0.0	0.0
64676	2013-2014	0.0	0.0
64676	2014-2015	0.0	0.0
64676	2015-2016	0.0	0.0
64676	2016-2017	0.0	0.0
64676	2017-2018	375000.0	0.0
64676	2018-2019	375000.0	0.0
64676	2019-2020	375000.0	0.0
64678	2009-2010	0.0	0.0
64678	2010-2011	0.0	0.0
64678	2011-2012	0.0	0.0
64678	2012-2013	0.0	0.0
64678	2013-2014	0.0	0.0
64678	2014-2015	0.0	0.0
64678	2015-2016	0.0	0.0
64678	2016-2017	0.0	0.0
64678	2017-2018	405000.0	0.0
64678	2018-2019	405000.0	0.0
64678	2019-2020	405000.0	0.0
64680	2009-2010	0.0	0.0
64680	2010-2011	0.0	0.0
64680	2011-2012	0.0	0.0
64680	2012-2013	0.0	0.0
64680	2013-2014	0.0	0.0
64680	2014-2015	0.0	0.0
64680	2015-2016	0.0	0.0
64680	2016-2017	0.0	0.0
64680	2017-2018	480000.0	0.0
64680	2018-2019	480000.0	0.0
64680	2019-2020	480000.0	0.0
64682	2009-2010	0.0	0.0
64682	2010-2011	0.0	0.0
64682	2011-2012	0.0	0.0
64682	2012-2013	0.0	0.0
64682	2013-2014	0.0	0.0
64682	2014-2015	0.0	0.0
64682	2015-2016	0.0	0.0
64682	2016-2017	0.0	0.0
64682	2017-2018	500000.0	0.0
64682	2018-2019	500000.0	0.0
64682	2019-2020	500000.0	0.0
64683	2009-2010	0.0	0.0
64683	2010-2011	0.0	0.0
64683	2011-2012	0.0	0.0
64683	2012-2013	0.0	0.0
64683	2013-2014	0.0	0.0
64683	2014-2015	0.0	0.0
64683	2015-2016	0.0	0.0
64683	2016-2017	0.0	0.0
64683	2017-2018	0.0	0.0
64683	2018-2019	0.0	0.0
64683	2019-2020	480000.0	0.0
64684	2009-2010	0.0	0.0
64684	2010-2011	0.0	0.0
64684	2011-2012	0.0	0.0
64684	2012-2013	0.0	0.0
64684	2013-2014	0.0	0.0
64684	2014-2015	0.0	0.0
64684	2015-2016	0.0	0.0
64684	2016-2017	0.0	0.0
64684	2017-2018	405000.0	0.0
64684	2018-2019	405000.0	0.0
64684	2019-2020	405000.0	0.0
64685	2009-2010	0.0	0.0
64685	2010-2011	0.0	0.0
64685	2011-2012	0.0	0.0
64685	2012-2013	0.0	0.0
64685	2013-2014	0.0	0.0
64685	2014-2015	0.0	0.0
64685	2015-2016	0.0	0.0
64685	2016-2017	0.0	0.0
64685	2017-2018	0.0	0.0
64685	2018-2019	270000.0	0.0
64685	2019-2020	270000.0	0.0
64687	2009-2010	0.0	0.0
64687	2010-2011	0.0	0.0
64687	2011-2012	0.0	0.0
64687	2012-2013	0.0	0.0
64687	2013-2014	0.0	0.0
64687	2014-2015	0.0	0.0
64687	2015-2016	0.0	0.0
64687	2016-2017	0.0	0.0
64687	2017-2018	0.0	0.0
64687	2018-2019	270000.0	0.0
64687	2019-2020	270000.0	0.0
64688	2009-2010	0.0	0.0
64688	2010-2011	0.0	0.0
64688	2011-2012	0.0	0.0
64688	2012-2013	0.0	0.0
64688	2013-2014	0.0	0.0
64688	2014-2015	0.0	0.0
64688	2015-2016	0.0	0.0
64688	2016-2017	0.0	0.0
64688	2017-2018	485000.0	0.0
64688	2018-2019	485000.0	0.0
64688	2019-2020	485000.0	0.0
64689	2009-2010	0.0	0.0
64689	2010-2011	0.0	0.0
64689	2011-2012	0.0	0.0
64689	2012-2013	0.0	0.0
64689	2013-2014	0.0	0.0
64689	2014-2015	0.0	0.0
64689	2015-2016	0.0	0.0
64689	2016-2017	0.0	0.0
64689	2017-2018	0.0	0.0
64689	2018-2019	270000.0	0.0
64689	2019-2020	270000.0	0.0
64690	2009-2010	0.0	0.0
64690	2010-2011	0.0	0.0
64690	2011-2012	0.0	0.0
64690	2012-2013	0.0	0.0
64690	2013-2014	0.0	0.0
64690	2014-2015	0.0	0.0
64690	2015-2016	0.0	0.0
64690	2016-2017	0.0	0.0
64690	2017-2018	540000.0	0.0
64690	2018-2019	540000.0	0.0
64690	2019-2020	540000.0	0.0
64691	2009-2010	0.0	0.0
64691	2010-2011	0.0	0.0
64691	2011-2012	0.0	0.0
64691	2012-2013	0.0	0.0
64691	2013-2014	0.0	0.0
64691	2014-2015	0.0	0.0
64691	2015-2016	0.0	0.0
64691	2016-2017	0.0	0.0
64691	2017-2018	0.0	0.0
64691	2018-2019	270000.0	0.0
64691	2019-2020	270000.0	0.0
64692	2009-2010	0.0	0.0
64692	2010-2011	0.0	0.0
64692	2011-2012	0.0	0.0
64692	2012-2013	0.0	0.0
64692	2013-2014	0.0	0.0
64692	2014-2015	0.0	0.0
64692	2015-2016	0.0	0.0
64692	2016-2017	0.0	0.0
64692	2017-2018	485000.0	0.0
64692	2018-2019	485000.0	0.0
64692	2019-2020	485000.0	0.0
64694	2009-2010	0.0	0.0
64694	2010-2011	0.0	0.0
64694	2011-2012	0.0	0.0
64694	2012-2013	0.0	0.0
64694	2013-2014	0.0	0.0
64694	2014-2015	0.0	0.0
64694	2015-2016	0.0	0.0
64694	2016-2017	0.0	0.0
64694	2017-2018	410000.0	0.0
64694	2018-2019	410000.0	0.0
64694	2019-2020	410000.0	0.0
64700	2009-2010	0.0	0.0
64700	2010-2011	0.0	0.0
64700	2011-2012	0.0	0.0
64700	2012-2013	0.0	0.0
64700	2013-2014	0.0	0.0
64700	2014-2015	0.0	0.0
64700	2015-2016	0.0	0.0
64700	2016-2017	0.0	0.0
64700	2017-2018	400000.0	0.0
64700	2018-2019	400000.0	0.0
64700	2019-2020	400000.0	0.0
64701	2009-2010	0.0	0.0
64701	2010-2011	0.0	0.0
64701	2011-2012	0.0	0.0
64701	2012-2013	0.0	0.0
64701	2013-2014	0.0	0.0
64701	2014-2015	0.0	0.0
64701	2015-2016	0.0	0.0
64701	2016-2017	0.0	0.0
64701	2017-2018	400000.0	0.0
64701	2018-2019	400000.0	0.0
64701	2019-2020	400000.0	0.0
64702	2009-2010	0.0	0.0
64702	2010-2011	0.0	0.0
64702	2011-2012	0.0	0.0
64702	2012-2013	0.0	0.0
64702	2013-2014	0.0	0.0
64702	2014-2015	0.0	0.0
64702	2015-2016	0.0	0.0
64702	2016-2017	0.0	0.0
64702	2017-2018	405000.0	0.0
64702	2018-2019	405000.0	0.0
64702	2019-2020	405000.0	0.0
64703	2009-2010	0.0	0.0
64703	2010-2011	0.0	0.0
64703	2011-2012	0.0	0.0
64703	2012-2013	0.0	0.0
64703	2013-2014	0.0	0.0
64703	2014-2015	0.0	0.0
64703	2015-2016	0.0	0.0
64703	2016-2017	0.0	0.0
64703	2017-2018	410000.0	0.0
64703	2018-2019	410000.0	0.0
64703	2019-2020	410000.0	0.0
64704	2009-2010	0.0	0.0
64704	2010-2011	0.0	0.0
64704	2011-2012	0.0	0.0
64704	2012-2013	0.0	0.0
64704	2013-2014	0.0	0.0
64704	2014-2015	0.0	0.0
64704	2015-2016	0.0	0.0
64704	2016-2017	0.0	0.0
64704	2017-2018	405000.0	0.0
64704	2018-2019	405000.0	0.0
64704	2019-2020	405000.0	0.0
64729	2009-2010	0.0	0.0
64729	2010-2011	0.0	0.0
64729	2011-2012	0.0	0.0
64729	2012-2013	0.0	0.0
64729	2013-2014	0.0	0.0
64729	2014-2015	0.0	0.0
64729	2015-2016	0.0	0.0
64729	2016-2017	0.0	0.0
64729	2017-2018	550000.0	0.0
64729	2018-2019	550000.0	0.0
64729	2019-2020	550000.0	0.0
64730	2009-2010	0.0	0.0
64730	2010-2011	0.0	0.0
64730	2011-2012	0.0	0.0
64730	2012-2013	0.0	0.0
64730	2013-2014	0.0	0.0
64730	2014-2015	0.0	0.0
64730	2015-2016	0.0	0.0
64730	2016-2017	0.0	0.0
64730	2017-2018	510000.0	0.0
64730	2018-2019	510000.0	0.0
64730	2019-2020	510000.0	0.0
64731	2009-2010	0.0	0.0
64731	2010-2011	0.0	0.0
64731	2011-2012	0.0	0.0
64731	2012-2013	0.0	0.0
64731	2013-2014	0.0	0.0
64731	2014-2015	0.0	0.0
64731	2015-2016	0.0	0.0
64731	2016-2017	0.0	0.0
64731	2017-2018	0.0	0.0
64731	2018-2019	0.0	0.0
64731	2019-2020	510000.0	0.0
64732	2009-2010	0.0	0.0
64732	2010-2011	0.0	0.0
64732	2011-2012	0.0	0.0
64732	2012-2013	0.0	0.0
64732	2013-2014	0.0	0.0
64732	2014-2015	0.0	0.0
64732	2015-2016	0.0	0.0
64732	2016-2017	0.0	0.0
64732	2017-2018	510000.0	0.0
64732	2018-2019	510000.0	0.0
64732	2019-2020	510000.0	0.0
64733	2009-2010	0.0	0.0
64733	2010-2011	0.0	0.0
64733	2011-2012	0.0	0.0
64733	2012-2013	0.0	0.0
64733	2013-2014	0.0	0.0
64733	2014-2015	0.0	0.0
64733	2015-2016	0.0	0.0
64733	2016-2017	0.0	0.0
64733	2017-2018	0.0	0.0
64733	2018-2019	510000.0	0.0
64733	2019-2020	510000.0	0.0
64734	2009-2010	0.0	0.0
64734	2010-2011	0.0	0.0
64734	2011-2012	0.0	0.0
64734	2012-2013	0.0	0.0
64734	2013-2014	0.0	0.0
64734	2014-2015	0.0	0.0
64734	2015-2016	0.0	0.0
64734	2016-2017	0.0	0.0
64734	2017-2018	440000.0	0.0
64734	2018-2019	440000.0	0.0
64734	2019-2020	440000.0	0.0
64735	2009-2010	0.0	0.0
64735	2010-2011	0.0	0.0
64735	2011-2012	0.0	0.0
64735	2012-2013	0.0	0.0
64735	2013-2014	0.0	0.0
64735	2014-2015	0.0	0.0
64735	2015-2016	0.0	0.0
64735	2016-2017	0.0	0.0
64735	2017-2018	440000.0	0.0
64735	2018-2019	440000.0	0.0
64735	2019-2020	440000.0	0.0
64738	2009-2010	0.0	0.0
64738	2010-2011	0.0	0.0
64738	2011-2012	0.0	0.0
64738	2012-2013	0.0	0.0
64738	2013-2014	0.0	0.0
64738	2014-2015	0.0	0.0
64738	2015-2016	0.0	0.0
64738	2016-2017	0.0	0.0
64738	2017-2018	0.0	0.0
64738	2018-2019	510000.0	0.0
64738	2019-2020	510000.0	0.0
64739	2009-2010	0.0	0.0
64739	2010-2011	0.0	0.0
64739	2011-2012	0.0	0.0
64739	2012-2013	0.0	0.0
64739	2013-2014	0.0	0.0
64739	2014-2015	0.0	0.0
64739	2015-2016	0.0	0.0
64739	2016-2017	0.0	0.0
64739	2017-2018	550000.0	0.0
64739	2018-2019	550000.0	0.0
64739	2019-2020	550000.0	0.0
64740	2009-2010	0.0	0.0
64740	2010-2011	0.0	0.0
64740	2011-2012	0.0	0.0
64740	2012-2013	0.0	0.0
64740	2013-2014	0.0	0.0
64740	2014-2015	0.0	0.0
64740	2015-2016	0.0	0.0
64740	2016-2017	0.0	0.0
64740	2017-2018	540000.0	0.0
64740	2018-2019	540000.0	0.0
64740	2019-2020	540000.0	0.0
64741	2009-2010	0.0	0.0
64741	2010-2011	0.0	0.0
64741	2011-2012	0.0	0.0
64741	2012-2013	0.0	0.0
64741	2013-2014	0.0	0.0
64741	2014-2015	0.0	0.0
64741	2015-2016	0.0	0.0
64741	2016-2017	0.0	0.0
64741	2017-2018	0.0	0.0
64741	2018-2019	0.0	0.0
64741	2019-2020	510000.0	0.0
64742	2009-2010	0.0	0.0
64742	2010-2011	0.0	0.0
64742	2011-2012	0.0	0.0
64742	2012-2013	0.0	0.0
64742	2013-2014	0.0	0.0
64742	2014-2015	0.0	0.0
64742	2015-2016	0.0	0.0
64742	2016-2017	0.0	0.0
64742	2017-2018	540000.0	0.0
64742	2018-2019	540000.0	0.0
64742	2019-2020	540000.0	0.0
64781	2009-2010	0.0	0.0
64781	2010-2011	0.0	0.0
64781	2011-2012	0.0	0.0
64781	2012-2013	0.0	0.0
64781	2013-2014	0.0	0.0
64781	2014-2015	0.0	0.0
64781	2015-2016	0.0	0.0
64781	2016-2017	0.0	0.0
64781	2017-2018	420000.0	0.0
64781	2018-2019	420000.0	0.0
64781	2019-2020	420000.0	0.0
64782	2009-2010	0.0	0.0
64782	2010-2011	0.0	0.0
64782	2011-2012	0.0	0.0
64782	2012-2013	0.0	0.0
64782	2013-2014	0.0	0.0
64782	2014-2015	0.0	0.0
64782	2015-2016	0.0	0.0
64782	2016-2017	0.0	0.0
64782	2017-2018	480000.0	0.0
64782	2018-2019	480000.0	0.0
64782	2019-2020	480000.0	0.0
64783	2009-2010	0.0	0.0
64783	2010-2011	0.0	0.0
64783	2011-2012	0.0	0.0
64783	2012-2013	0.0	0.0
64783	2013-2014	0.0	0.0
64783	2014-2015	0.0	0.0
64783	2015-2016	0.0	0.0
64783	2016-2017	0.0	0.0
64783	2017-2018	450000.0	0.0
64783	2018-2019	450000.0	0.0
64783	2019-2020	450000.0	0.0
64784	2009-2010	0.0	0.0
64784	2010-2011	0.0	0.0
64784	2011-2012	0.0	0.0
64784	2012-2013	0.0	0.0
64784	2013-2014	0.0	0.0
64784	2014-2015	0.0	0.0
64784	2015-2016	0.0	0.0
64784	2016-2017	0.0	0.0
64784	2017-2018	440000.0	0.0
64784	2018-2019	440000.0	0.0
64784	2019-2020	440000.0	0.0
64785	2009-2010	0.0	0.0
64785	2010-2011	0.0	0.0
64785	2011-2012	0.0	0.0
64785	2012-2013	0.0	0.0
64785	2013-2014	0.0	0.0
64785	2014-2015	0.0	0.0
64785	2015-2016	0.0	0.0
64785	2016-2017	0.0	0.0
64785	2017-2018	450000.0	0.0
64785	2018-2019	450000.0	0.0
64785	2019-2020	450000.0	0.0
64786	2009-2010	0.0	0.0
64786	2010-2011	0.0	0.0
64786	2011-2012	0.0	0.0
64786	2012-2013	0.0	0.0
64786	2013-2014	0.0	0.0
64786	2014-2015	0.0	0.0
64786	2015-2016	0.0	0.0
64786	2016-2017	0.0	0.0
64786	2017-2018	450000.0	0.0
64786	2018-2019	450000.0	0.0
64786	2019-2020	450000.0	0.0
64787	2009-2010	0.0	0.0
64787	2010-2011	0.0	0.0
64787	2011-2012	0.0	0.0
64787	2012-2013	0.0	0.0
64787	2013-2014	0.0	0.0
64787	2014-2015	0.0	0.0
64787	2015-2016	0.0	0.0
64787	2016-2017	0.0	0.0
64787	2017-2018	480000.0	0.0
64787	2018-2019	480000.0	0.0
64787	2019-2020	480000.0	0.0
64788	2009-2010	0.0	0.0
64788	2010-2011	0.0	0.0
64788	2011-2012	0.0	0.0
64788	2012-2013	0.0	0.0
64788	2013-2014	0.0	0.0
64788	2014-2015	0.0	0.0
64788	2015-2016	0.0	0.0
64788	2016-2017	0.0	0.0
64788	2017-2018	480000.0	0.0
64788	2018-2019	480000.0	0.0
64788	2019-2020	480000.0	0.0
64789	2009-2010	0.0	0.0
64789	2010-2011	0.0	0.0
64789	2011-2012	0.0	0.0
64789	2012-2013	0.0	0.0
64789	2013-2014	0.0	0.0
64789	2014-2015	0.0	0.0
64789	2015-2016	0.0	0.0
64789	2016-2017	0.0	0.0
64789	2017-2018	450000.0	0.0
64789	2018-2019	450000.0	0.0
64789	2019-2020	450000.0	0.0
64792	2009-2010	0.0	0.0
64792	2010-2011	0.0	0.0
64792	2011-2012	0.0	0.0
64792	2012-2013	0.0	0.0
64792	2013-2014	0.0	0.0
64792	2014-2015	0.0	0.0
64792	2015-2016	0.0	0.0
64792	2016-2017	0.0	0.0
64792	2017-2018	540000.0	0.0
64792	2018-2019	540000.0	0.0
64792	2019-2020	540000.0	0.0
64793	2009-2010	0.0	0.0
64793	2010-2011	0.0	0.0
64793	2011-2012	0.0	0.0
64793	2012-2013	0.0	0.0
64793	2013-2014	0.0	0.0
64793	2014-2015	0.0	0.0
64793	2015-2016	0.0	0.0
64793	2016-2017	0.0	0.0
64793	2017-2018	530000.0	0.0
64793	2018-2019	530000.0	0.0
64793	2019-2020	530000.0	0.0
64795	2009-2010	0.0	0.0
64795	2010-2011	0.0	0.0
64795	2011-2012	0.0	0.0
64795	2012-2013	0.0	0.0
64795	2013-2014	0.0	0.0
64795	2014-2015	0.0	0.0
64795	2015-2016	0.0	0.0
64795	2016-2017	0.0	0.0
64795	2017-2018	0.0	0.0
64795	2018-2019	0.0	0.0
64795	2019-2020	570000.0	0.0
64796	2009-2010	0.0	0.0
64796	2010-2011	0.0	0.0
64796	2011-2012	0.0	0.0
64796	2012-2013	0.0	0.0
64796	2013-2014	0.0	0.0
64796	2014-2015	0.0	0.0
64796	2015-2016	0.0	0.0
64796	2016-2017	0.0	0.0
64796	2017-2018	0.0	0.0
64796	2018-2019	510000.0	0.0
64796	2019-2020	510000.0	0.0
64797	2009-2010	0.0	0.0
64797	2010-2011	0.0	0.0
64797	2011-2012	0.0	0.0
64797	2012-2013	0.0	0.0
64797	2013-2014	0.0	0.0
64797	2014-2015	0.0	0.0
64797	2015-2016	0.0	0.0
64797	2016-2017	0.0	0.0
64797	2017-2018	0.0	0.0
64797	2018-2019	540000.0	0.0
64797	2019-2020	540000.0	0.0
64799	2009-2010	0.0	0.0
64799	2010-2011	0.0	0.0
64799	2011-2012	0.0	0.0
64799	2012-2013	0.0	0.0
64799	2013-2014	0.0	0.0
64799	2014-2015	0.0	0.0
64799	2015-2016	0.0	0.0
64799	2016-2017	0.0	0.0
64799	2017-2018	0.0	0.0
64799	2018-2019	410000.0	0.0
64799	2019-2020	410000.0	0.0
64800	2009-2010	0.0	0.0
64800	2010-2011	0.0	0.0
64800	2011-2012	0.0	0.0
64800	2012-2013	0.0	0.0
64800	2013-2014	0.0	0.0
64800	2014-2015	0.0	0.0
64800	2015-2016	0.0	0.0
64800	2016-2017	0.0	0.0
64800	2017-2018	0.0	0.0
64800	2018-2019	0.0	0.0
64800	2019-2020	510000.0	0.0
64801	2009-2010	0.0	0.0
64801	2010-2011	0.0	0.0
64801	2011-2012	0.0	0.0
64801	2012-2013	0.0	0.0
64801	2013-2014	0.0	0.0
64801	2014-2015	0.0	0.0
64801	2015-2016	0.0	0.0
64801	2016-2017	0.0	0.0
64801	2017-2018	0.0	0.0
64801	2018-2019	410000.0	0.0
64801	2019-2020	410000.0	0.0
64802	2009-2010	0.0	0.0
64802	2010-2011	0.0	0.0
64802	2011-2012	0.0	0.0
64802	2012-2013	0.0	0.0
64802	2013-2014	0.0	0.0
64802	2014-2015	0.0	0.0
64802	2015-2016	0.0	0.0
64802	2016-2017	0.0	0.0
64802	2017-2018	0.0	0.0
64802	2018-2019	510000.0	0.0
64802	2019-2020	510000.0	0.0
64803	2009-2010	0.0	0.0
64803	2010-2011	0.0	0.0
64803	2011-2012	0.0	0.0
64803	2012-2013	0.0	0.0
64803	2013-2014	0.0	0.0
64803	2014-2015	0.0	0.0
64803	2015-2016	0.0	0.0
64803	2016-2017	0.0	0.0
64803	2017-2018	410000.0	0.0
64803	2018-2019	410000.0	0.0
64803	2019-2020	410000.0	0.0
64805	2009-2010	0.0	0.0
64805	2010-2011	0.0	0.0
64805	2011-2012	0.0	0.0
64805	2012-2013	0.0	0.0
64805	2013-2014	0.0	0.0
64805	2014-2015	0.0	0.0
64805	2015-2016	0.0	0.0
64805	2016-2017	0.0	0.0
64805	2017-2018	440000.0	0.0
64805	2018-2019	440000.0	0.0
64805	2019-2020	440000.0	0.0
64806	2009-2010	0.0	0.0
64806	2010-2011	0.0	0.0
64806	2011-2012	0.0	0.0
64806	2012-2013	0.0	0.0
64806	2013-2014	0.0	0.0
64806	2014-2015	0.0	0.0
64806	2015-2016	0.0	0.0
64806	2016-2017	0.0	0.0
64806	2017-2018	410000.0	0.0
64806	2018-2019	410000.0	0.0
64806	2019-2020	410000.0	0.0
64807	2009-2010	0.0	0.0
64807	2010-2011	0.0	0.0
64807	2011-2012	0.0	0.0
64807	2012-2013	0.0	0.0
64807	2013-2014	0.0	0.0
64807	2014-2015	0.0	0.0
64807	2015-2016	0.0	0.0
64807	2016-2017	0.0	0.0
64807	2017-2018	460000.0	0.0
64807	2018-2019	460000.0	0.0
64807	2019-2020	460000.0	0.0
64808	2009-2010	0.0	0.0
64808	2010-2011	0.0	0.0
64808	2011-2012	0.0	0.0
64808	2012-2013	0.0	0.0
64808	2013-2014	0.0	0.0
64808	2014-2015	0.0	0.0
64808	2015-2016	0.0	0.0
64808	2016-2017	0.0	0.0
64808	2017-2018	430000.0	0.0
64808	2018-2019	430000.0	0.0
64808	2019-2020	430000.0	0.0
64829	2009-2010	0.0	0.0
64829	2010-2011	0.0	0.0
64829	2011-2012	0.0	0.0
64829	2012-2013	0.0	0.0
64829	2013-2014	0.0	0.0
64829	2014-2015	0.0	0.0
64829	2015-2016	0.0	0.0
64829	2016-2017	0.0	0.0
64829	2017-2018	0.0	0.0
64829	2018-2019	490000.0	0.0
64829	2019-2020	490000.0	0.0
65083	2009-2010	0.0	0.0
65083	2010-2011	0.0	0.0
65083	2011-2012	0.0	0.0
65083	2012-2013	0.0	0.0
65083	2013-2014	0.0	0.0
65083	2014-2015	0.0	0.0
65083	2015-2016	0.0	0.0
65083	2016-2017	0.0	0.0
65083	2017-2018	0.0	0.0
65083	2018-2019	270000.0	0.0
65083	2019-2020	270000.0	0.0
65084	2009-2010	0.0	0.0
65084	2010-2011	0.0	0.0
65084	2011-2012	0.0	0.0
65084	2012-2013	0.0	0.0
65084	2013-2014	0.0	0.0
65084	2014-2015	0.0	0.0
65084	2015-2016	0.0	0.0
65084	2016-2017	0.0	0.0
65084	2017-2018	0.0	0.0
65084	2018-2019	270000.0	0.0
65084	2019-2020	270000.0	0.0
65085	2009-2010	0.0	0.0
65085	2010-2011	0.0	0.0
65085	2011-2012	0.0	0.0
65085	2012-2013	0.0	0.0
65085	2013-2014	0.0	0.0
65085	2014-2015	0.0	0.0
65085	2015-2016	0.0	0.0
65085	2016-2017	0.0	0.0
65085	2017-2018	0.0	0.0
65085	2018-2019	270000.0	0.0
65085	2019-2020	270000.0	0.0
65086	2009-2010	0.0	0.0
65086	2010-2011	0.0	0.0
65086	2011-2012	0.0	0.0
65086	2012-2013	0.0	0.0
65086	2013-2014	0.0	0.0
65086	2014-2015	0.0	0.0
65086	2015-2016	0.0	0.0
65086	2016-2017	0.0	0.0
65086	2017-2018	0.0	0.0
65086	2018-2019	270000.0	0.0
65086	2019-2020	270000.0	0.0
65142	2009-2010	0.0	0.0
65142	2010-2011	0.0	0.0
65142	2011-2012	0.0	0.0
65142	2012-2013	0.0	0.0
65142	2013-2014	0.0	0.0
65142	2014-2015	0.0	0.0
65142	2015-2016	0.0	0.0
65142	2016-2017	0.0	0.0
65142	2017-2018	580000.0	0.0
65142	2018-2019	580000.0	0.0
65142	2019-2020	580000.0	0.0
65143	2009-2010	0.0	0.0
65143	2010-2011	0.0	0.0
65143	2011-2012	0.0	0.0
65143	2012-2013	0.0	0.0
65143	2013-2014	0.0	0.0
65143	2014-2015	0.0	0.0
65143	2015-2016	0.0	0.0
65143	2016-2017	0.0	0.0
65143	2017-2018	0.0	0.0
65143	2018-2019	535000.0	0.0
65143	2019-2020	535000.0	0.0
65144	2009-2010	0.0	0.0
65144	2010-2011	0.0	0.0
65144	2011-2012	0.0	0.0
65144	2012-2013	0.0	0.0
65144	2013-2014	0.0	0.0
65144	2014-2015	0.0	0.0
65144	2015-2016	0.0	0.0
65144	2016-2017	0.0	0.0
65144	2017-2018	0.0	0.0
65144	2018-2019	520000.0	0.0
65144	2019-2020	520000.0	0.0
65145	2009-2010	0.0	0.0
65145	2010-2011	0.0	0.0
65145	2011-2012	0.0	0.0
65145	2012-2013	0.0	0.0
65145	2013-2014	0.0	0.0
65145	2014-2015	0.0	0.0
65145	2015-2016	0.0	0.0
65145	2016-2017	0.0	0.0
65145	2017-2018	0.0	0.0
65145	2018-2019	0.0	0.0
65145	2019-2020	470000.0	0.0
65163	2009-2010	0.0	0.0
65163	2010-2011	0.0	0.0
65163	2011-2012	0.0	0.0
65163	2012-2013	0.0	0.0
65163	2013-2014	0.0	0.0
65163	2014-2015	0.0	0.0
65163	2015-2016	0.0	0.0
65163	2016-2017	0.0	0.0
65163	2017-2018	460000.0	0.0
65163	2018-2019	460000.0	0.0
65163	2019-2020	460000.0	0.0
65164	2009-2010	0.0	0.0
65164	2010-2011	0.0	0.0
65164	2011-2012	0.0	0.0
65164	2012-2013	0.0	0.0
65164	2013-2014	0.0	0.0
65164	2014-2015	0.0	0.0
65164	2015-2016	0.0	0.0
65164	2016-2017	0.0	0.0
65164	2017-2018	420000.0	0.0
65164	2018-2019	420000.0	0.0
65164	2019-2020	420000.0	0.0
65165	2009-2010	0.0	0.0
65165	2010-2011	0.0	0.0
65165	2011-2012	0.0	0.0
65165	2012-2013	0.0	0.0
65165	2013-2014	0.0	0.0
65165	2014-2015	0.0	0.0
65165	2015-2016	0.0	0.0
65165	2016-2017	0.0	0.0
65165	2017-2018	450000.0	0.0
65165	2018-2019	450000.0	0.0
65165	2019-2020	450000.0	0.0
65166	2009-2010	0.0	0.0
65166	2010-2011	0.0	0.0
65166	2011-2012	0.0	0.0
65166	2012-2013	0.0	0.0
65166	2013-2014	0.0	0.0
65166	2014-2015	0.0	0.0
65166	2015-2016	0.0	0.0
65166	2016-2017	0.0	0.0
65166	2017-2018	400000.0	0.0
65166	2018-2019	400000.0	0.0
65166	2019-2020	400000.0	0.0
65167	2009-2010	0.0	0.0
65167	2010-2011	0.0	0.0
65167	2011-2012	0.0	0.0
65167	2012-2013	0.0	0.0
65167	2013-2014	0.0	0.0
65167	2014-2015	0.0	0.0
65167	2015-2016	0.0	0.0
65167	2016-2017	0.0	0.0
65167	2017-2018	450000.0	0.0
65167	2018-2019	450000.0	0.0
65167	2019-2020	450000.0	0.0
65169	2009-2010	0.0	0.0
65169	2010-2011	0.0	0.0
65169	2011-2012	0.0	0.0
65169	2012-2013	0.0	0.0
65169	2013-2014	0.0	0.0
65169	2014-2015	0.0	0.0
65169	2015-2016	0.0	0.0
65169	2016-2017	0.0	0.0
65169	2017-2018	450000.0	0.0
65169	2018-2019	450000.0	0.0
65169	2019-2020	450000.0	0.0
65170	2009-2010	0.0	0.0
65170	2010-2011	0.0	0.0
65170	2011-2012	0.0	0.0
65170	2012-2013	0.0	0.0
65170	2013-2014	0.0	0.0
65170	2014-2015	0.0	0.0
65170	2015-2016	0.0	0.0
65170	2016-2017	0.0	0.0
65170	2017-2018	440000.0	0.0
65170	2018-2019	440000.0	0.0
65170	2019-2020	440000.0	0.0
65171	2009-2010	0.0	0.0
65171	2010-2011	0.0	0.0
65171	2011-2012	0.0	0.0
65171	2012-2013	0.0	0.0
65171	2013-2014	0.0	0.0
65171	2014-2015	0.0	0.0
65171	2015-2016	0.0	0.0
65171	2016-2017	0.0	0.0
65171	2017-2018	490000.0	0.0
65171	2018-2019	490000.0	0.0
65171	2019-2020	490000.0	0.0
65172	2009-2010	0.0	0.0
65172	2010-2011	0.0	0.0
65172	2011-2012	0.0	0.0
65172	2012-2013	0.0	0.0
65172	2013-2014	0.0	0.0
65172	2014-2015	0.0	0.0
65172	2015-2016	0.0	0.0
65172	2016-2017	0.0	0.0
65172	2017-2018	420000.0	0.0
65172	2018-2019	420000.0	0.0
65172	2019-2020	420000.0	0.0
65173	2009-2010	0.0	0.0
65173	2010-2011	0.0	0.0
65173	2011-2012	0.0	0.0
65173	2012-2013	0.0	0.0
65173	2013-2014	0.0	0.0
65173	2014-2015	0.0	0.0
65173	2015-2016	0.0	0.0
65173	2016-2017	0.0	0.0
65173	2017-2018	450000.0	0.0
65173	2018-2019	450000.0	0.0
65173	2019-2020	450000.0	0.0
65174	2009-2010	0.0	0.0
65174	2010-2011	0.0	0.0
65174	2011-2012	0.0	0.0
65174	2012-2013	0.0	0.0
65174	2013-2014	0.0	0.0
65174	2014-2015	0.0	0.0
65174	2015-2016	0.0	0.0
65174	2016-2017	0.0	0.0
65174	2017-2018	400000.0	0.0
65174	2018-2019	400000.0	0.0
65174	2019-2020	400000.0	0.0
65175	2009-2010	0.0	0.0
65175	2010-2011	0.0	0.0
65175	2011-2012	0.0	0.0
65175	2012-2013	0.0	0.0
65175	2013-2014	0.0	0.0
65175	2014-2015	0.0	0.0
65175	2015-2016	0.0	0.0
65175	2016-2017	0.0	0.0
65175	2017-2018	490000.0	0.0
65175	2018-2019	490000.0	0.0
65175	2019-2020	490000.0	0.0
65176	2009-2010	0.0	0.0
65176	2010-2011	0.0	0.0
65176	2011-2012	0.0	0.0
65176	2012-2013	0.0	0.0
65176	2013-2014	0.0	0.0
65176	2014-2015	0.0	0.0
65176	2015-2016	0.0	0.0
65176	2016-2017	0.0	0.0
65176	2017-2018	400000.0	0.0
65176	2018-2019	400000.0	0.0
65176	2019-2020	400000.0	0.0
65177	2009-2010	0.0	0.0
65177	2010-2011	0.0	0.0
65177	2011-2012	0.0	0.0
65177	2012-2013	0.0	0.0
65177	2013-2014	0.0	0.0
65177	2014-2015	0.0	0.0
65177	2015-2016	0.0	0.0
65177	2016-2017	0.0	0.0
65177	2017-2018	490000.0	0.0
65177	2018-2019	490000.0	0.0
65177	2019-2020	490000.0	0.0
65241	2009-2010	0.0	0.0
65241	2010-2011	0.0	0.0
65241	2011-2012	0.0	0.0
65241	2012-2013	0.0	0.0
65241	2013-2014	0.0	0.0
65241	2014-2015	0.0	0.0
65241	2015-2016	0.0	0.0
65241	2016-2017	0.0	0.0
65241	2017-2018	545000.0	0.0
65241	2018-2019	545000.0	0.0
65241	2019-2020	545000.0	0.0
65243	2009-2010	0.0	0.0
65243	2010-2011	0.0	0.0
65243	2011-2012	0.0	0.0
65243	2012-2013	0.0	0.0
65243	2013-2014	0.0	0.0
65243	2014-2015	0.0	0.0
65243	2015-2016	0.0	0.0
65243	2016-2017	0.0	0.0
65243	2017-2018	0.0	0.0
65243	2018-2019	570000.0	0.0
65243	2019-2020	570000.0	0.0
65244	2009-2010	0.0	0.0
65244	2010-2011	0.0	0.0
65244	2011-2012	0.0	0.0
65244	2012-2013	0.0	0.0
65244	2013-2014	0.0	0.0
65244	2014-2015	0.0	0.0
65244	2015-2016	0.0	0.0
65244	2016-2017	0.0	0.0
65244	2017-2018	510000.0	0.0
65244	2018-2019	510000.0	0.0
65244	2019-2020	510000.0	0.0
65245	2009-2010	0.0	0.0
65245	2010-2011	0.0	0.0
65245	2011-2012	0.0	0.0
65245	2012-2013	0.0	0.0
65245	2013-2014	0.0	0.0
65245	2014-2015	0.0	0.0
65245	2015-2016	0.0	0.0
65245	2016-2017	0.0	0.0
65245	2017-2018	0.0	0.0
65245	2018-2019	530000.0	0.0
65245	2019-2020	530000.0	0.0
65249	2009-2010	0.0	0.0
65249	2010-2011	0.0	0.0
65249	2011-2012	0.0	0.0
65249	2012-2013	0.0	0.0
65249	2013-2014	0.0	0.0
65249	2014-2015	0.0	0.0
65249	2015-2016	0.0	0.0
65249	2016-2017	0.0	0.0
65249	2017-2018	0.0	0.0
65249	2018-2019	0.0	0.0
65249	2019-2020	520000.0	0.0
65251	2009-2010	0.0	0.0
65251	2010-2011	0.0	0.0
65251	2011-2012	0.0	0.0
65251	2012-2013	0.0	0.0
65251	2013-2014	0.0	0.0
65251	2014-2015	0.0	0.0
65251	2015-2016	0.0	0.0
65251	2016-2017	0.0	0.0
65251	2017-2018	0.0	0.0
65251	2018-2019	570000.0	0.0
65251	2019-2020	570000.0	0.0
65252	2009-2010	0.0	0.0
65252	2010-2011	0.0	0.0
65252	2011-2012	0.0	0.0
65252	2012-2013	0.0	0.0
65252	2013-2014	0.0	0.0
65252	2014-2015	0.0	0.0
65252	2015-2016	0.0	0.0
65252	2016-2017	0.0	0.0
65252	2017-2018	0.0	0.0
65252	2018-2019	460000.0	0.0
65252	2019-2020	460000.0	0.0
65281	2009-2010	0.0	0.0
65281	2010-2011	0.0	0.0
65281	2011-2012	0.0	0.0
65281	2012-2013	0.0	0.0
65281	2013-2014	0.0	0.0
65281	2014-2015	0.0	0.0
65281	2015-2016	0.0	0.0
65281	2016-2017	0.0	0.0
65281	2017-2018	0.0	0.0
65281	2018-2019	540000.0	0.0
65281	2019-2020	540000.0	0.0
65289	2009-2010	0.0	0.0
65289	2010-2011	0.0	0.0
65289	2011-2012	0.0	0.0
65289	2012-2013	0.0	0.0
65289	2013-2014	0.0	0.0
65289	2014-2015	0.0	0.0
65289	2015-2016	0.0	0.0
65289	2016-2017	0.0	0.0
65289	2017-2018	400000.0	0.0
65289	2018-2019	400000.0	0.0
65289	2019-2020	400000.0	0.0
65290	2009-2010	0.0	0.0
65290	2010-2011	0.0	0.0
65290	2011-2012	0.0	0.0
65290	2012-2013	0.0	0.0
65290	2013-2014	0.0	0.0
65290	2014-2015	0.0	0.0
65290	2015-2016	0.0	0.0
65290	2016-2017	0.0	0.0
65290	2017-2018	500000.0	0.0
65290	2018-2019	500000.0	0.0
65290	2019-2020	500000.0	0.0
65291	2009-2010	0.0	0.0
65291	2010-2011	0.0	0.0
65291	2011-2012	0.0	0.0
65291	2012-2013	0.0	0.0
65291	2013-2014	0.0	0.0
65291	2014-2015	0.0	0.0
65291	2015-2016	0.0	0.0
65291	2016-2017	0.0	0.0
65291	2017-2018	390000.0	0.0
65291	2018-2019	390000.0	0.0
65291	2019-2020	390000.0	0.0
65292	2009-2010	0.0	0.0
65292	2010-2011	0.0	0.0
65292	2011-2012	0.0	0.0
65292	2012-2013	0.0	0.0
65292	2013-2014	0.0	0.0
65292	2014-2015	0.0	0.0
65292	2015-2016	0.0	0.0
65292	2016-2017	0.0	0.0
65292	2017-2018	500000.0	0.0
65292	2018-2019	500000.0	0.0
65292	2019-2020	500000.0	0.0
65293	2009-2010	0.0	0.0
65293	2010-2011	0.0	0.0
65293	2011-2012	0.0	0.0
65293	2012-2013	0.0	0.0
65293	2013-2014	0.0	0.0
65293	2014-2015	0.0	0.0
65293	2015-2016	0.0	0.0
65293	2016-2017	0.0	0.0
65293	2017-2018	380000.0	0.0
65293	2018-2019	380000.0	0.0
65293	2019-2020	380000.0	0.0
65294	2009-2010	0.0	0.0
65294	2010-2011	0.0	0.0
65294	2011-2012	0.0	0.0
65294	2012-2013	0.0	0.0
65294	2013-2014	0.0	0.0
65294	2014-2015	0.0	0.0
65294	2015-2016	0.0	0.0
65294	2016-2017	0.0	0.0
65294	2017-2018	500000.0	0.0
65294	2018-2019	500000.0	0.0
65294	2019-2020	500000.0	0.0
65295	2009-2010	0.0	0.0
65295	2010-2011	0.0	0.0
65295	2011-2012	0.0	0.0
65295	2012-2013	0.0	0.0
65295	2013-2014	0.0	0.0
65295	2014-2015	0.0	0.0
65295	2015-2016	0.0	0.0
65295	2016-2017	0.0	0.0
65295	2017-2018	390000.0	0.0
65295	2018-2019	390000.0	0.0
65295	2019-2020	390000.0	0.0
65296	2009-2010	0.0	0.0
65296	2010-2011	0.0	0.0
65296	2011-2012	0.0	0.0
65296	2012-2013	0.0	0.0
65296	2013-2014	0.0	0.0
65296	2014-2015	0.0	0.0
65296	2015-2016	0.0	0.0
65296	2016-2017	0.0	0.0
65296	2017-2018	520000.0	0.0
65296	2018-2019	520000.0	0.0
65296	2019-2020	520000.0	0.0
65297	2009-2010	0.0	0.0
65297	2010-2011	0.0	0.0
65297	2011-2012	0.0	0.0
65297	2012-2013	0.0	0.0
65297	2013-2014	0.0	0.0
65297	2014-2015	0.0	0.0
65297	2015-2016	0.0	0.0
65297	2016-2017	0.0	0.0
65297	2017-2018	380000.0	0.0
65297	2018-2019	380000.0	0.0
65297	2019-2020	380000.0	0.0
65298	2009-2010	0.0	0.0
65298	2010-2011	0.0	0.0
65298	2011-2012	0.0	0.0
65298	2012-2013	0.0	0.0
65298	2013-2014	0.0	0.0
65298	2014-2015	0.0	0.0
65298	2015-2016	0.0	0.0
65298	2016-2017	0.0	0.0
65298	2017-2018	520000.0	0.0
65298	2018-2019	520000.0	0.0
65298	2019-2020	520000.0	0.0
65299	2009-2010	0.0	0.0
65299	2010-2011	0.0	0.0
65299	2011-2012	0.0	0.0
65299	2012-2013	0.0	0.0
65299	2013-2014	0.0	0.0
65299	2014-2015	0.0	0.0
65299	2015-2016	0.0	0.0
65299	2016-2017	0.0	0.0
65299	2017-2018	380000.0	0.0
65299	2018-2019	380000.0	0.0
65299	2019-2020	380000.0	0.0
65300	2009-2010	0.0	0.0
65300	2010-2011	0.0	0.0
65300	2011-2012	0.0	0.0
65300	2012-2013	0.0	0.0
65300	2013-2014	0.0	0.0
65300	2014-2015	0.0	0.0
65300	2015-2016	0.0	0.0
65300	2016-2017	0.0	0.0
65300	2017-2018	500000.0	0.0
65300	2018-2019	500000.0	0.0
65300	2019-2020	500000.0	0.0
65301	2009-2010	0.0	0.0
65301	2010-2011	0.0	0.0
65301	2011-2012	0.0	0.0
65301	2012-2013	0.0	0.0
65301	2013-2014	0.0	0.0
65301	2014-2015	0.0	0.0
65301	2015-2016	0.0	0.0
65301	2016-2017	0.0	0.0
65301	2017-2018	420000.0	0.0
65301	2018-2019	420000.0	0.0
65301	2019-2020	420000.0	0.0
65302	2009-2010	0.0	0.0
65302	2010-2011	0.0	0.0
65302	2011-2012	0.0	0.0
65302	2012-2013	0.0	0.0
65302	2013-2014	0.0	0.0
65302	2014-2015	0.0	0.0
65302	2015-2016	0.0	0.0
65302	2016-2017	0.0	0.0
65302	2017-2018	400000.0	0.0
65302	2018-2019	400000.0	0.0
65302	2019-2020	400000.0	0.0
65303	2009-2010	0.0	0.0
65303	2010-2011	0.0	0.0
65303	2011-2012	0.0	0.0
65303	2012-2013	0.0	0.0
65303	2013-2014	0.0	0.0
65303	2014-2015	0.0	0.0
65303	2015-2016	0.0	0.0
65303	2016-2017	0.0	0.0
65303	2017-2018	370000.0	0.0
65303	2018-2019	370000.0	0.0
65303	2019-2020	370000.0	0.0
65305	2009-2010	0.0	0.0
65305	2010-2011	0.0	0.0
65305	2011-2012	0.0	0.0
65305	2012-2013	0.0	0.0
65305	2013-2014	0.0	0.0
65305	2014-2015	0.0	0.0
65305	2015-2016	0.0	0.0
65305	2016-2017	0.0	0.0
65305	2017-2018	360000.0	0.0
65305	2018-2019	360000.0	0.0
65305	2019-2020	360000.0	0.0
65307	2009-2010	0.0	0.0
65307	2010-2011	0.0	0.0
65307	2011-2012	0.0	0.0
65307	2012-2013	0.0	0.0
65307	2013-2014	0.0	0.0
65307	2014-2015	0.0	0.0
65307	2015-2016	0.0	0.0
65307	2016-2017	0.0	0.0
65307	2017-2018	360000.0	0.0
65307	2018-2019	360000.0	0.0
65307	2019-2020	360000.0	0.0
65308	2009-2010	0.0	0.0
65308	2010-2011	0.0	0.0
65308	2011-2012	0.0	0.0
65308	2012-2013	0.0	0.0
65308	2013-2014	0.0	0.0
65308	2014-2015	0.0	0.0
65308	2015-2016	0.0	0.0
65308	2016-2017	0.0	0.0
65308	2017-2018	430000.0	0.0
65308	2018-2019	430000.0	0.0
65308	2019-2020	430000.0	0.0
65310	2009-2010	0.0	0.0
65310	2010-2011	0.0	0.0
65310	2011-2012	0.0	0.0
65310	2012-2013	0.0	0.0
65310	2013-2014	0.0	0.0
65310	2014-2015	0.0	0.0
65310	2015-2016	0.0	0.0
65310	2016-2017	0.0	0.0
65310	2017-2018	420000.0	0.0
65310	2018-2019	420000.0	0.0
65310	2019-2020	420000.0	0.0
65312	2009-2010	0.0	0.0
65312	2010-2011	0.0	0.0
65312	2011-2012	0.0	0.0
65312	2012-2013	0.0	0.0
65312	2013-2014	0.0	0.0
65312	2014-2015	0.0	0.0
65312	2015-2016	0.0	0.0
65312	2016-2017	0.0	0.0
65312	2017-2018	400000.0	0.0
65312	2018-2019	400000.0	0.0
65312	2019-2020	400000.0	0.0
65314	2009-2010	0.0	0.0
65314	2010-2011	0.0	0.0
65314	2011-2012	0.0	0.0
65314	2012-2013	0.0	0.0
65314	2013-2014	0.0	0.0
65314	2014-2015	0.0	0.0
65314	2015-2016	0.0	0.0
65314	2016-2017	0.0	0.0
65314	2017-2018	420000.0	0.0
65314	2018-2019	420000.0	0.0
65314	2019-2020	420000.0	0.0
65316	2009-2010	0.0	0.0
65316	2010-2011	0.0	0.0
65316	2011-2012	0.0	0.0
65316	2012-2013	0.0	0.0
65316	2013-2014	0.0	0.0
65316	2014-2015	0.0	0.0
65316	2015-2016	0.0	0.0
65316	2016-2017	0.0	0.0
65316	2017-2018	440000.0	0.0
65316	2018-2019	440000.0	0.0
65316	2019-2020	440000.0	0.0
65318	2009-2010	0.0	0.0
65318	2010-2011	0.0	0.0
65318	2011-2012	0.0	0.0
65318	2012-2013	0.0	0.0
65318	2013-2014	0.0	0.0
65318	2014-2015	0.0	0.0
65318	2015-2016	0.0	0.0
65318	2016-2017	0.0	0.0
65318	2017-2018	440000.0	0.0
65318	2018-2019	440000.0	0.0
65318	2019-2020	440000.0	0.0
65319	2009-2010	0.0	0.0
65319	2010-2011	0.0	0.0
65319	2011-2012	0.0	0.0
65319	2012-2013	0.0	0.0
65319	2013-2014	0.0	0.0
65319	2014-2015	0.0	0.0
65319	2015-2016	0.0	0.0
65319	2016-2017	0.0	0.0
65319	2017-2018	530000.0	0.0
65319	2018-2019	530000.0	0.0
65319	2019-2020	530000.0	0.0
65321	2009-2010	0.0	0.0
65321	2010-2011	0.0	0.0
65321	2011-2012	0.0	0.0
65321	2012-2013	0.0	0.0
65321	2013-2014	0.0	0.0
65321	2014-2015	0.0	0.0
65321	2015-2016	0.0	0.0
65321	2016-2017	0.0	0.0
65321	2017-2018	450000.0	0.0
65321	2018-2019	450000.0	0.0
65321	2019-2020	450000.0	0.0
65323	2009-2010	0.0	0.0
65323	2010-2011	0.0	0.0
65323	2011-2012	0.0	0.0
65323	2012-2013	0.0	0.0
65323	2013-2014	0.0	0.0
65323	2014-2015	0.0	0.0
65323	2015-2016	0.0	0.0
65323	2016-2017	0.0	0.0
65323	2017-2018	450000.0	0.0
65323	2018-2019	450000.0	0.0
65323	2019-2020	450000.0	0.0
65326	2009-2010	0.0	0.0
65326	2010-2011	0.0	0.0
65326	2011-2012	0.0	0.0
65326	2012-2013	0.0	0.0
65326	2013-2014	0.0	0.0
65326	2014-2015	0.0	0.0
65326	2015-2016	0.0	0.0
65326	2016-2017	0.0	0.0
65326	2017-2018	430000.0	0.0
65326	2018-2019	430000.0	0.0
65326	2019-2020	430000.0	0.0
65327	2009-2010	0.0	0.0
65327	2010-2011	0.0	0.0
65327	2011-2012	0.0	0.0
65327	2012-2013	0.0	0.0
65327	2013-2014	0.0	0.0
65327	2014-2015	0.0	0.0
65327	2015-2016	0.0	0.0
65327	2016-2017	0.0	0.0
65327	2017-2018	520000.0	0.0
65327	2018-2019	520000.0	0.0
65327	2019-2020	520000.0	0.0
65328	2009-2010	0.0	0.0
65328	2010-2011	0.0	0.0
65328	2011-2012	0.0	0.0
65328	2012-2013	0.0	0.0
65328	2013-2014	0.0	0.0
65328	2014-2015	0.0	0.0
65328	2015-2016	0.0	0.0
65328	2016-2017	0.0	0.0
65328	2017-2018	360000.0	0.0
65328	2018-2019	360000.0	0.0
65328	2019-2020	360000.0	0.0
65329	2009-2010	0.0	0.0
65329	2010-2011	0.0	0.0
65329	2011-2012	0.0	0.0
65329	2012-2013	0.0	0.0
65329	2013-2014	0.0	0.0
65329	2014-2015	0.0	0.0
65329	2015-2016	0.0	0.0
65329	2016-2017	0.0	0.0
65329	2017-2018	510000.0	0.0
65329	2018-2019	510000.0	0.0
65329	2019-2020	510000.0	0.0
65330	2009-2010	0.0	0.0
65330	2010-2011	0.0	0.0
65330	2011-2012	0.0	0.0
65330	2012-2013	0.0	0.0
65330	2013-2014	0.0	0.0
65330	2014-2015	0.0	0.0
65330	2015-2016	0.0	0.0
65330	2016-2017	0.0	0.0
65330	2017-2018	360000.0	0.0
65330	2018-2019	360000.0	0.0
65330	2019-2020	360000.0	0.0
65350	2009-2010	0.0	0.0
65350	2010-2011	0.0	0.0
65350	2011-2012	0.0	0.0
65350	2012-2013	0.0	0.0
65350	2013-2014	0.0	0.0
65350	2014-2015	0.0	0.0
65350	2015-2016	0.0	0.0
65350	2016-2017	0.0	0.0
65350	2017-2018	390000.0	0.0
65350	2018-2019	390000.0	0.0
65350	2019-2020	390000.0	0.0
65351	2009-2010	0.0	0.0
65351	2010-2011	0.0	0.0
65351	2011-2012	0.0	0.0
65351	2012-2013	0.0	0.0
65351	2013-2014	0.0	0.0
65351	2014-2015	0.0	0.0
65351	2015-2016	0.0	0.0
65351	2016-2017	0.0	0.0
65351	2017-2018	350000.0	0.0
65351	2018-2019	350000.0	0.0
65351	2019-2020	350000.0	0.0
65352	2009-2010	0.0	0.0
65352	2010-2011	0.0	0.0
65352	2011-2012	0.0	0.0
65352	2012-2013	0.0	0.0
65352	2013-2014	0.0	0.0
65352	2014-2015	0.0	0.0
65352	2015-2016	0.0	0.0
65352	2016-2017	0.0	0.0
65352	2017-2018	390000.0	0.0
65352	2018-2019	390000.0	0.0
65352	2019-2020	390000.0	0.0
65353	2009-2010	0.0	0.0
65353	2010-2011	0.0	0.0
65353	2011-2012	0.0	0.0
65353	2012-2013	0.0	0.0
65353	2013-2014	0.0	0.0
65353	2014-2015	0.0	0.0
65353	2015-2016	0.0	0.0
65353	2016-2017	0.0	0.0
65353	2017-2018	350000.0	0.0
65353	2018-2019	350000.0	0.0
65353	2019-2020	350000.0	0.0
65354	2009-2010	0.0	0.0
65354	2010-2011	0.0	0.0
65354	2011-2012	0.0	0.0
65354	2012-2013	0.0	0.0
65354	2013-2014	0.0	0.0
65354	2014-2015	0.0	0.0
65354	2015-2016	0.0	0.0
65354	2016-2017	0.0	0.0
65354	2017-2018	390000.0	0.0
65354	2018-2019	390000.0	0.0
65354	2019-2020	390000.0	0.0
65355	2009-2010	0.0	0.0
65355	2010-2011	0.0	0.0
65355	2011-2012	0.0	0.0
65355	2012-2013	0.0	0.0
65355	2013-2014	0.0	0.0
65355	2014-2015	0.0	0.0
65355	2015-2016	0.0	0.0
65355	2016-2017	0.0	0.0
65355	2017-2018	350000.0	0.0
65355	2018-2019	350000.0	0.0
65355	2019-2020	350000.0	0.0
65356	2009-2010	0.0	0.0
65356	2010-2011	0.0	0.0
65356	2011-2012	0.0	0.0
65356	2012-2013	0.0	0.0
65356	2013-2014	0.0	0.0
65356	2014-2015	0.0	0.0
65356	2015-2016	0.0	0.0
65356	2016-2017	0.0	0.0
65356	2017-2018	390000.0	0.0
65356	2018-2019	390000.0	0.0
65356	2019-2020	390000.0	0.0
65357	2009-2010	0.0	0.0
65357	2010-2011	0.0	0.0
65357	2011-2012	0.0	0.0
65357	2012-2013	0.0	0.0
65357	2013-2014	0.0	0.0
65357	2014-2015	0.0	0.0
65357	2015-2016	0.0	0.0
65357	2016-2017	0.0	0.0
65357	2017-2018	310000.0	0.0
65357	2018-2019	310000.0	0.0
65357	2019-2020	310000.0	0.0
65358	2009-2010	0.0	0.0
65358	2010-2011	0.0	0.0
65358	2011-2012	0.0	0.0
65358	2012-2013	0.0	0.0
65358	2013-2014	0.0	0.0
65358	2014-2015	0.0	0.0
65358	2015-2016	0.0	0.0
65358	2016-2017	380000.0	0.0
65358	2017-2018	380000.0	0.0
65358	2018-2019	380000.0	0.0
65358	2019-2020	380000.0	0.0
65359	2009-2010	0.0	0.0
65359	2010-2011	0.0	0.0
65359	2011-2012	0.0	0.0
65359	2012-2013	0.0	0.0
65359	2013-2014	0.0	0.0
65359	2014-2015	0.0	0.0
65359	2015-2016	0.0	0.0
65359	2016-2017	0.0	0.0
65359	2017-2018	310000.0	0.0
65359	2018-2019	310000.0	0.0
65359	2019-2020	310000.0	0.0
65361	2009-2010	0.0	0.0
65361	2010-2011	0.0	0.0
65361	2011-2012	0.0	0.0
65361	2012-2013	0.0	0.0
65361	2013-2014	0.0	0.0
65361	2014-2015	0.0	0.0
65361	2015-2016	0.0	0.0
65361	2016-2017	0.0	0.0
65361	2017-2018	340000.0	0.0
65361	2018-2019	340000.0	0.0
65361	2019-2020	340000.0	0.0
65362	2009-2010	0.0	0.0
65362	2010-2011	0.0	0.0
65362	2011-2012	0.0	0.0
65362	2012-2013	0.0	0.0
65362	2013-2014	0.0	0.0
65362	2014-2015	0.0	0.0
65362	2015-2016	0.0	0.0
65362	2016-2017	0.0	0.0
65362	2017-2018	310000.0	0.0
65362	2018-2019	310000.0	0.0
65362	2019-2020	310000.0	0.0
65364	2009-2010	0.0	0.0
65364	2010-2011	0.0	0.0
65364	2011-2012	0.0	0.0
65364	2012-2013	0.0	0.0
65364	2013-2014	0.0	0.0
65364	2014-2015	0.0	0.0
65364	2015-2016	0.0	0.0
65364	2016-2017	0.0	0.0
65364	2017-2018	440000.0	0.0
65364	2018-2019	440000.0	0.0
65364	2019-2020	440000.0	0.0
65365	2009-2010	0.0	0.0
65365	2010-2011	0.0	0.0
65365	2011-2012	0.0	0.0
65365	2012-2013	0.0	0.0
65365	2013-2014	0.0	0.0
65365	2014-2015	0.0	0.0
65365	2015-2016	0.0	0.0
65365	2016-2017	0.0	0.0
65365	2017-2018	490000.0	0.0
65365	2018-2019	490000.0	0.0
65365	2019-2020	490000.0	0.0
65366	2009-2010	0.0	0.0
65366	2010-2011	0.0	0.0
65366	2011-2012	0.0	0.0
65366	2012-2013	0.0	0.0
65366	2013-2014	0.0	0.0
65366	2014-2015	0.0	0.0
65366	2015-2016	0.0	0.0
65366	2016-2017	0.0	0.0
65366	2017-2018	400000.0	0.0
65366	2018-2019	400000.0	0.0
65366	2019-2020	400000.0	0.0
65367	2009-2010	0.0	0.0
65367	2010-2011	0.0	0.0
65367	2011-2012	0.0	0.0
65367	2012-2013	0.0	0.0
65367	2013-2014	0.0	0.0
65367	2014-2015	0.0	0.0
65367	2015-2016	0.0	0.0
65367	2016-2017	0.0	0.0
65367	2017-2018	0.0	0.0
65367	2018-2019	490000.0	0.0
65367	2019-2020	490000.0	0.0
65368	2009-2010	0.0	0.0
65368	2010-2011	0.0	0.0
65368	2011-2012	0.0	0.0
65368	2012-2013	0.0	0.0
65368	2013-2014	0.0	0.0
65368	2014-2015	0.0	0.0
65368	2015-2016	0.0	0.0
65368	2016-2017	0.0	0.0
65368	2017-2018	430000.0	0.0
65368	2018-2019	430000.0	0.0
65368	2019-2020	430000.0	0.0
65369	2009-2010	0.0	0.0
65369	2010-2011	0.0	0.0
65369	2011-2012	0.0	0.0
65369	2012-2013	0.0	0.0
65369	2013-2014	0.0	0.0
65369	2014-2015	0.0	0.0
65369	2015-2016	0.0	0.0
65369	2016-2017	0.0	0.0
65369	2017-2018	490000.0	0.0
65369	2018-2019	490000.0	0.0
65369	2019-2020	490000.0	0.0
65370	2009-2010	0.0	0.0
65370	2010-2011	0.0	0.0
65370	2011-2012	0.0	0.0
65370	2012-2013	0.0	0.0
65370	2013-2014	0.0	0.0
65370	2014-2015	0.0	0.0
65370	2015-2016	0.0	0.0
65370	2016-2017	0.0	0.0
65370	2017-2018	455000.0	0.0
65370	2018-2019	455000.0	0.0
65370	2019-2020	455000.0	0.0
65371	2009-2010	0.0	0.0
65371	2010-2011	0.0	0.0
65371	2011-2012	0.0	0.0
65371	2012-2013	0.0	0.0
65371	2013-2014	0.0	0.0
65371	2014-2015	0.0	0.0
65371	2015-2016	0.0	0.0
65371	2016-2017	0.0	0.0
65371	2017-2018	500000.0	0.0
65371	2018-2019	500000.0	0.0
65371	2019-2020	500000.0	0.0
65372	2009-2010	0.0	0.0
65372	2010-2011	0.0	0.0
65372	2011-2012	0.0	0.0
65372	2012-2013	0.0	0.0
65372	2013-2014	0.0	0.0
65372	2014-2015	0.0	0.0
65372	2015-2016	0.0	0.0
65372	2016-2017	0.0	0.0
65372	2017-2018	380000.0	0.0
65372	2018-2019	380000.0	0.0
65372	2019-2020	380000.0	0.0
65373	2009-2010	0.0	0.0
65373	2010-2011	0.0	0.0
65373	2011-2012	0.0	0.0
65373	2012-2013	0.0	0.0
65373	2013-2014	0.0	0.0
65373	2014-2015	0.0	0.0
65373	2015-2016	0.0	0.0
65373	2016-2017	0.0	0.0
65373	2017-2018	455000.0	0.0
65373	2018-2019	455000.0	0.0
65373	2019-2020	455000.0	0.0
65374	2009-2010	0.0	0.0
65374	2010-2011	0.0	0.0
65374	2011-2012	0.0	0.0
65374	2012-2013	0.0	0.0
65374	2013-2014	0.0	0.0
65374	2014-2015	0.0	0.0
65374	2015-2016	0.0	0.0
65374	2016-2017	0.0	0.0
65374	2017-2018	500000.0	0.0
65374	2018-2019	500000.0	0.0
65374	2019-2020	500000.0	0.0
65375	2009-2010	0.0	0.0
65375	2010-2011	0.0	0.0
65375	2011-2012	0.0	0.0
65375	2012-2013	0.0	0.0
65375	2013-2014	0.0	0.0
65375	2014-2015	0.0	0.0
65375	2015-2016	0.0	0.0
65375	2016-2017	0.0	0.0
65375	2017-2018	370000.0	0.0
65375	2018-2019	370000.0	0.0
65375	2019-2020	370000.0	0.0
65376	2009-2010	0.0	0.0
65376	2010-2011	0.0	0.0
65376	2011-2012	0.0	0.0
65376	2012-2013	0.0	0.0
65376	2013-2014	0.0	0.0
65376	2014-2015	0.0	0.0
65376	2015-2016	0.0	0.0
65376	2016-2017	0.0	0.0
65376	2017-2018	0.0	0.0
65376	2018-2019	420000.0	0.0
65376	2019-2020	420000.0	0.0
65377	2009-2010	0.0	0.0
65377	2010-2011	0.0	0.0
65377	2011-2012	0.0	0.0
65377	2012-2013	0.0	0.0
65377	2013-2014	0.0	0.0
65377	2014-2015	0.0	0.0
65377	2015-2016	0.0	0.0
65377	2016-2017	0.0	0.0
65377	2017-2018	420000.0	0.0
65377	2018-2019	420000.0	0.0
65377	2019-2020	420000.0	0.0
65378	2009-2010	0.0	0.0
65378	2010-2011	0.0	0.0
65378	2011-2012	0.0	0.0
65378	2012-2013	0.0	0.0
65378	2013-2014	0.0	0.0
65378	2014-2015	0.0	0.0
65378	2015-2016	0.0	0.0
65378	2016-2017	0.0	0.0
65378	2017-2018	420000.0	0.0
65378	2018-2019	420000.0	0.0
65378	2019-2020	420000.0	0.0
65379	2009-2010	0.0	0.0
65379	2010-2011	0.0	0.0
65379	2011-2012	0.0	0.0
65379	2012-2013	0.0	0.0
65379	2013-2014	0.0	0.0
65379	2014-2015	0.0	0.0
65379	2015-2016	0.0	0.0
65379	2016-2017	0.0	0.0
65379	2017-2018	310000.0	0.0
65379	2018-2019	310000.0	0.0
65379	2019-2020	310000.0	0.0
65380	2009-2010	0.0	0.0
65380	2010-2011	0.0	0.0
65380	2011-2012	0.0	0.0
65380	2012-2013	0.0	0.0
65380	2013-2014	0.0	0.0
65380	2014-2015	0.0	0.0
65380	2015-2016	0.0	0.0
65380	2016-2017	0.0	0.0
65380	2017-2018	0.0	0.0
65380	2018-2019	370000.0	0.0
65380	2019-2020	370000.0	0.0
65381	2009-2010	0.0	0.0
65381	2010-2011	0.0	0.0
65381	2011-2012	0.0	0.0
65381	2012-2013	0.0	0.0
65381	2013-2014	0.0	0.0
65381	2014-2015	0.0	0.0
65381	2015-2016	0.0	0.0
65381	2016-2017	0.0	0.0
65381	2017-2018	0.0	0.0
65381	2018-2019	0.0	0.0
65381	2019-2020	370000.0	0.0
65382	2009-2010	0.0	0.0
65382	2010-2011	0.0	0.0
65382	2011-2012	0.0	0.0
65382	2012-2013	0.0	0.0
65382	2013-2014	0.0	0.0
65382	2014-2015	0.0	0.0
65382	2015-2016	0.0	0.0
65382	2016-2017	0.0	0.0
65382	2017-2018	0.0	0.0
65382	2018-2019	370000.0	0.0
65382	2019-2020	370000.0	0.0
65383	2009-2010	0.0	0.0
65383	2010-2011	0.0	0.0
65383	2011-2012	0.0	0.0
65383	2012-2013	0.0	0.0
65383	2013-2014	0.0	0.0
65383	2014-2015	0.0	0.0
65383	2015-2016	0.0	0.0
65383	2016-2017	0.0	0.0
65383	2017-2018	0.0	0.0
65383	2018-2019	420000.0	0.0
65383	2019-2020	420000.0	0.0
65384	2009-2010	0.0	0.0
65384	2010-2011	0.0	0.0
65384	2011-2012	0.0	0.0
65384	2012-2013	0.0	0.0
65384	2013-2014	0.0	0.0
65384	2014-2015	0.0	0.0
65384	2015-2016	0.0	0.0
65384	2016-2017	0.0	0.0
65384	2017-2018	390000.0	0.0
65384	2018-2019	390000.0	0.0
65384	2019-2020	390000.0	0.0
65385	2009-2010	0.0	0.0
65385	2010-2011	0.0	0.0
65385	2011-2012	0.0	0.0
65385	2012-2013	0.0	0.0
65385	2013-2014	0.0	0.0
65385	2014-2015	0.0	0.0
65385	2015-2016	0.0	0.0
65385	2016-2017	0.0	0.0
65385	2017-2018	310000.0	0.0
65385	2018-2019	310000.0	0.0
65385	2019-2020	310000.0	0.0
65386	2009-2010	0.0	0.0
65386	2010-2011	0.0	0.0
65386	2011-2012	0.0	0.0
65386	2012-2013	0.0	0.0
65386	2013-2014	0.0	0.0
65386	2014-2015	0.0	0.0
65386	2015-2016	0.0	0.0
65386	2016-2017	0.0	0.0
65386	2017-2018	390000.0	0.0
65386	2018-2019	390000.0	0.0
65386	2019-2020	390000.0	0.0
65387	2009-2010	0.0	0.0
65387	2010-2011	0.0	0.0
65387	2011-2012	0.0	0.0
65387	2012-2013	0.0	0.0
65387	2013-2014	0.0	0.0
65387	2014-2015	0.0	0.0
65387	2015-2016	0.0	0.0
65387	2016-2017	0.0	0.0
65387	2017-2018	310000.0	0.0
65387	2018-2019	310000.0	0.0
65387	2019-2020	310000.0	0.0
65388	2009-2010	0.0	0.0
65388	2010-2011	0.0	0.0
65388	2011-2012	0.0	0.0
65388	2012-2013	0.0	0.0
65388	2013-2014	0.0	0.0
65388	2014-2015	0.0	0.0
65388	2015-2016	0.0	0.0
65388	2016-2017	0.0	0.0
65388	2017-2018	390000.0	0.0
65388	2018-2019	390000.0	0.0
65388	2019-2020	390000.0	0.0
65400	2009-2010	0.0	0.0
65400	2010-2011	0.0	0.0
65400	2011-2012	0.0	0.0
65400	2012-2013	0.0	0.0
65400	2013-2014	0.0	0.0
65400	2014-2015	0.0	0.0
65400	2015-2016	0.0	0.0
65400	2016-2017	0.0	0.0
65400	2017-2018	500000.0	0.0
65400	2018-2019	500000.0	0.0
65400	2019-2020	500000.0	0.0
65401	2009-2010	0.0	0.0
65401	2010-2011	0.0	0.0
65401	2011-2012	0.0	0.0
65401	2012-2013	0.0	0.0
65401	2013-2014	0.0	0.0
65401	2014-2015	0.0	0.0
65401	2015-2016	0.0	0.0
65401	2016-2017	0.0	0.0
65401	2017-2018	520000.0	0.0
65401	2018-2019	520000.0	0.0
65401	2019-2020	520000.0	0.0
65402	2009-2010	0.0	0.0
65402	2010-2011	0.0	0.0
65402	2011-2012	0.0	0.0
65402	2012-2013	0.0	0.0
65402	2013-2014	0.0	0.0
65402	2014-2015	0.0	0.0
65402	2015-2016	0.0	0.0
65402	2016-2017	0.0	0.0
65402	2017-2018	520000.0	0.0
65402	2018-2019	520000.0	0.0
65402	2019-2020	520000.0	0.0
65403	2009-2010	0.0	0.0
65403	2010-2011	0.0	0.0
65403	2011-2012	0.0	0.0
65403	2012-2013	0.0	0.0
65403	2013-2014	0.0	0.0
65403	2014-2015	0.0	0.0
65403	2015-2016	0.0	0.0
65403	2016-2017	0.0	0.0
65403	2017-2018	470000.0	0.0
65403	2018-2019	470000.0	0.0
65403	2019-2020	470000.0	0.0
65404	2009-2010	0.0	0.0
65404	2010-2011	0.0	0.0
65404	2011-2012	0.0	0.0
65404	2012-2013	0.0	0.0
65404	2013-2014	0.0	0.0
65404	2014-2015	0.0	0.0
65404	2015-2016	0.0	0.0
65404	2016-2017	0.0	0.0
65404	2017-2018	450000.0	0.0
65404	2018-2019	450000.0	0.0
65404	2019-2020	450000.0	0.0
65405	2009-2010	0.0	0.0
65405	2010-2011	0.0	0.0
65405	2011-2012	0.0	0.0
65405	2012-2013	0.0	0.0
65405	2013-2014	0.0	0.0
65405	2014-2015	0.0	0.0
65405	2015-2016	0.0	0.0
65405	2016-2017	0.0	0.0
65405	2017-2018	450000.0	0.0
65405	2018-2019	450000.0	0.0
65405	2019-2020	450000.0	0.0
65406	2009-2010	0.0	0.0
65406	2010-2011	0.0	0.0
65406	2011-2012	0.0	0.0
65406	2012-2013	0.0	0.0
65406	2013-2014	0.0	0.0
65406	2014-2015	0.0	0.0
65406	2015-2016	0.0	0.0
65406	2016-2017	0.0	0.0
65406	2017-2018	450000.0	0.0
65406	2018-2019	450000.0	0.0
65406	2019-2020	450000.0	0.0
65407	2009-2010	0.0	0.0
65407	2010-2011	0.0	0.0
65407	2011-2012	0.0	0.0
65407	2012-2013	0.0	0.0
65407	2013-2014	0.0	0.0
65407	2014-2015	0.0	0.0
65407	2015-2016	0.0	0.0
65407	2016-2017	0.0	0.0
65407	2017-2018	450000.0	0.0
65407	2018-2019	450000.0	0.0
65407	2019-2020	450000.0	0.0
65408	2009-2010	0.0	0.0
65408	2010-2011	0.0	0.0
65408	2011-2012	0.0	0.0
65408	2012-2013	0.0	0.0
65408	2013-2014	0.0	0.0
65408	2014-2015	0.0	0.0
65408	2015-2016	0.0	0.0
65408	2016-2017	0.0	0.0
65408	2017-2018	450000.0	0.0
65408	2018-2019	450000.0	0.0
65408	2019-2020	450000.0	0.0
65409	2009-2010	0.0	0.0
65409	2010-2011	0.0	0.0
65409	2011-2012	0.0	0.0
65409	2012-2013	0.0	0.0
65409	2013-2014	0.0	0.0
65409	2014-2015	0.0	0.0
65409	2015-2016	0.0	0.0
65409	2016-2017	0.0	0.0
65409	2017-2018	350000.0	0.0
65409	2018-2019	350000.0	0.0
65409	2019-2020	350000.0	0.0
65410	2009-2010	0.0	0.0
65410	2010-2011	0.0	0.0
65410	2011-2012	0.0	0.0
65410	2012-2013	0.0	0.0
65410	2013-2014	0.0	0.0
65410	2014-2015	0.0	0.0
65410	2015-2016	0.0	0.0
65410	2016-2017	0.0	0.0
65410	2017-2018	410000.0	0.0
65410	2018-2019	410000.0	0.0
65410	2019-2020	410000.0	0.0
65411	2009-2010	0.0	0.0
65411	2010-2011	0.0	0.0
65411	2011-2012	0.0	0.0
65411	2012-2013	0.0	0.0
65411	2013-2014	0.0	0.0
65411	2014-2015	0.0	0.0
65411	2015-2016	0.0	0.0
65411	2016-2017	0.0	0.0
65411	2017-2018	400000.0	0.0
65411	2018-2019	400000.0	0.0
65411	2019-2020	400000.0	0.0
65412	2009-2010	0.0	0.0
65412	2010-2011	0.0	0.0
65412	2011-2012	0.0	0.0
65412	2012-2013	0.0	0.0
65412	2013-2014	0.0	0.0
65412	2014-2015	0.0	0.0
65412	2015-2016	0.0	0.0
65412	2016-2017	0.0	0.0
65412	2017-2018	400000.0	0.0
65412	2018-2019	400000.0	0.0
65412	2019-2020	400000.0	0.0
65413	2009-2010	0.0	0.0
65413	2010-2011	0.0	0.0
65413	2011-2012	0.0	0.0
65413	2012-2013	0.0	0.0
65413	2013-2014	0.0	0.0
65413	2014-2015	0.0	0.0
65413	2015-2016	0.0	0.0
65413	2016-2017	0.0	0.0
65413	2017-2018	400000.0	0.0
65413	2018-2019	400000.0	0.0
65413	2019-2020	400000.0	0.0
65414	2009-2010	0.0	0.0
65414	2010-2011	0.0	0.0
65414	2011-2012	0.0	0.0
65414	2012-2013	0.0	0.0
65414	2013-2014	0.0	0.0
65414	2014-2015	0.0	0.0
65414	2015-2016	0.0	0.0
65414	2016-2017	0.0	0.0
65414	2017-2018	440000.0	0.0
65414	2018-2019	440000.0	0.0
65414	2019-2020	440000.0	0.0
65415	2009-2010	0.0	0.0
65415	2010-2011	0.0	0.0
65415	2011-2012	0.0	0.0
65415	2012-2013	0.0	0.0
65415	2013-2014	0.0	0.0
65415	2014-2015	0.0	0.0
65415	2015-2016	0.0	0.0
65415	2016-2017	0.0	0.0
65415	2017-2018	440000.0	0.0
65415	2018-2019	440000.0	0.0
65415	2019-2020	440000.0	0.0
65416	2009-2010	0.0	0.0
65416	2010-2011	0.0	0.0
65416	2011-2012	0.0	0.0
65416	2012-2013	0.0	0.0
65416	2013-2014	0.0	0.0
65416	2014-2015	0.0	0.0
65416	2015-2016	0.0	0.0
65416	2016-2017	0.0	0.0
65416	2017-2018	440000.0	0.0
65416	2018-2019	440000.0	0.0
65416	2019-2020	440000.0	0.0
65417	2009-2010	0.0	0.0
65417	2010-2011	0.0	0.0
65417	2011-2012	0.0	0.0
65417	2012-2013	0.0	0.0
65417	2013-2014	0.0	0.0
65417	2014-2015	0.0	0.0
65417	2015-2016	0.0	0.0
65417	2016-2017	0.0	0.0
65417	2017-2018	400000.0	0.0
65417	2018-2019	400000.0	0.0
65417	2019-2020	400000.0	0.0
65418	2009-2010	0.0	0.0
65418	2010-2011	0.0	0.0
65418	2011-2012	0.0	0.0
65418	2012-2013	0.0	0.0
65418	2013-2014	0.0	0.0
65418	2014-2015	0.0	0.0
65418	2015-2016	0.0	0.0
65418	2016-2017	0.0	0.0
65418	2017-2018	440000.0	0.0
65418	2018-2019	440000.0	0.0
65418	2019-2020	440000.0	0.0
65419	2009-2010	0.0	0.0
65419	2010-2011	0.0	0.0
65419	2011-2012	0.0	0.0
65419	2012-2013	0.0	0.0
65419	2013-2014	0.0	0.0
65419	2014-2015	0.0	0.0
65419	2015-2016	0.0	0.0
65419	2016-2017	0.0	0.0
65419	2017-2018	420000.0	0.0
65419	2018-2019	420000.0	0.0
65419	2019-2020	420000.0	0.0
65420	2009-2010	0.0	0.0
65420	2010-2011	0.0	0.0
65420	2011-2012	0.0	0.0
65420	2012-2013	0.0	0.0
65420	2013-2014	0.0	0.0
65420	2014-2015	0.0	0.0
65420	2015-2016	0.0	0.0
65420	2016-2017	0.0	0.0
65420	2017-2018	440000.0	0.0
65420	2018-2019	440000.0	0.0
65420	2019-2020	440000.0	0.0
65421	2009-2010	0.0	0.0
65421	2010-2011	0.0	0.0
65421	2011-2012	0.0	0.0
65421	2012-2013	0.0	0.0
65421	2013-2014	0.0	0.0
65421	2014-2015	0.0	0.0
65421	2015-2016	0.0	0.0
65421	2016-2017	0.0	0.0
65421	2017-2018	430000.0	0.0
65421	2018-2019	430000.0	0.0
65421	2019-2020	430000.0	0.0
65422	2009-2010	0.0	0.0
65422	2010-2011	0.0	0.0
65422	2011-2012	0.0	0.0
65422	2012-2013	0.0	0.0
65422	2013-2014	0.0	0.0
65422	2014-2015	0.0	0.0
65422	2015-2016	0.0	0.0
65422	2016-2017	0.0	0.0
65422	2017-2018	0.0	0.0
65422	2018-2019	430000.0	0.0
65422	2019-2020	430000.0	0.0
65423	2009-2010	0.0	0.0
65423	2010-2011	0.0	0.0
65423	2011-2012	0.0	0.0
65423	2012-2013	0.0	0.0
65423	2013-2014	0.0	0.0
65423	2014-2015	0.0	0.0
65423	2015-2016	0.0	0.0
65423	2016-2017	0.0	0.0
65423	2017-2018	430000.0	0.0
65423	2018-2019	430000.0	0.0
65423	2019-2020	430000.0	0.0
65424	2009-2010	0.0	0.0
65424	2010-2011	0.0	0.0
65424	2011-2012	0.0	0.0
65424	2012-2013	0.0	0.0
65424	2013-2014	0.0	0.0
65424	2014-2015	0.0	0.0
65424	2015-2016	0.0	0.0
65424	2016-2017	0.0	0.0
65424	2017-2018	440000.0	0.0
65424	2018-2019	440000.0	0.0
65424	2019-2020	440000.0	0.0
65425	2009-2010	0.0	0.0
65425	2010-2011	0.0	0.0
65425	2011-2012	0.0	0.0
65425	2012-2013	0.0	0.0
65425	2013-2014	0.0	0.0
65425	2014-2015	0.0	0.0
65425	2015-2016	0.0	0.0
65425	2016-2017	0.0	0.0
65425	2017-2018	440000.0	0.0
65425	2018-2019	440000.0	0.0
65425	2019-2020	440000.0	0.0
65426	2009-2010	0.0	0.0
65426	2010-2011	0.0	0.0
65426	2011-2012	0.0	0.0
65426	2012-2013	0.0	0.0
65426	2013-2014	0.0	0.0
65426	2014-2015	0.0	0.0
65426	2015-2016	0.0	0.0
65426	2016-2017	0.0	0.0
65426	2017-2018	440000.0	0.0
65426	2018-2019	440000.0	0.0
65426	2019-2020	440000.0	0.0
65427	2009-2010	0.0	0.0
65427	2010-2011	0.0	0.0
65427	2011-2012	0.0	0.0
65427	2012-2013	0.0	0.0
65427	2013-2014	0.0	0.0
65427	2014-2015	0.0	0.0
65427	2015-2016	0.0	0.0
65427	2016-2017	0.0	0.0
65427	2017-2018	420000.0	0.0
65427	2018-2019	420000.0	0.0
65427	2019-2020	420000.0	0.0
65428	2009-2010	0.0	0.0
65428	2010-2011	0.0	0.0
65428	2011-2012	0.0	0.0
65428	2012-2013	0.0	0.0
65428	2013-2014	0.0	0.0
65428	2014-2015	0.0	0.0
65428	2015-2016	0.0	0.0
65428	2016-2017	0.0	0.0
65428	2017-2018	420000.0	0.0
65428	2018-2019	420000.0	0.0
65428	2019-2020	420000.0	0.0
65429	2009-2010	0.0	0.0
65429	2010-2011	0.0	0.0
65429	2011-2012	0.0	0.0
65429	2012-2013	0.0	0.0
65429	2013-2014	0.0	0.0
65429	2014-2015	0.0	0.0
65429	2015-2016	0.0	0.0
65429	2016-2017	0.0	0.0
65429	2017-2018	420000.0	0.0
65429	2018-2019	420000.0	0.0
65429	2019-2020	420000.0	0.0
65430	2009-2010	0.0	0.0
65430	2010-2011	0.0	0.0
65430	2011-2012	0.0	0.0
65430	2012-2013	0.0	0.0
65430	2013-2014	0.0	0.0
65430	2014-2015	0.0	0.0
65430	2015-2016	0.0	0.0
65430	2016-2017	0.0	0.0
65430	2017-2018	420000.0	0.0
65430	2018-2019	420000.0	0.0
65430	2019-2020	420000.0	0.0
65431	2009-2010	0.0	0.0
65431	2010-2011	0.0	0.0
65431	2011-2012	0.0	0.0
65431	2012-2013	0.0	0.0
65431	2013-2014	0.0	0.0
65431	2014-2015	0.0	0.0
65431	2015-2016	0.0	0.0
65431	2016-2017	0.0	0.0
65431	2017-2018	420000.0	0.0
65431	2018-2019	420000.0	0.0
65431	2019-2020	420000.0	0.0
