StreetAddressID	Year	UnImprovedValue	YearlyGrowthRation
134577	2009-2010	0.0	0.0
134577	2010-2011	0.0	0.0
134577	2011-2012	0.0	0.0
134577	2012-2013	0.0	0.0
134577	2013-2014	0.0	0.0
134577	2014-2015	0.0	0.0
134577	2015-2016	0.0	0.0
134577	2016-2017	0.0	0.0
134577	2017-2018	441000.0	0.0
134577	2018-2019	453000.0	2.7210884353741496
134577	2019-2020	472000.0	4.194260485651214
134578	2009-2010	0.0	0.0
134578	2010-2011	0.0	0.0
134578	2011-2012	0.0	0.0
134578	2012-2013	0.0	0.0
134578	2013-2014	0.0	0.0
134578	2014-2015	0.0	0.0
134578	2015-2016	0.0	0.0
134578	2016-2017	0.0	0.0
134578	2017-2018	478000.0	0.0
134578	2018-2019	491000.0	2.7196652719665275
134578	2019-2020	512000.0	4.276985743380855
134579	2009-2010	0.0	0.0
134579	2010-2011	0.0	0.0
134579	2011-2012	0.0	0.0
134579	2012-2013	0.0	0.0
134579	2013-2014	0.0	0.0
134579	2014-2015	0.0	0.0
134579	2015-2016	0.0	0.0
134579	2016-2017	0.0	0.0
134579	2017-2018	441000.0	0.0
134579	2018-2019	453000.0	2.7210884353741496
134579	2019-2020	472000.0	4.194260485651214
134580	2009-2010	0.0	0.0
134580	2010-2011	0.0	0.0
134580	2011-2012	0.0	0.0
134580	2012-2013	0.0	0.0
134580	2013-2014	0.0	0.0
134580	2014-2015	0.0	0.0
134580	2015-2016	0.0	0.0
134580	2016-2017	0.0	0.0
134580	2017-2018	478000.0	0.0
134580	2018-2019	491000.0	2.7196652719665275
134580	2019-2020	512000.0	4.276985743380855
134581	2009-2010	0.0	0.0
134581	2010-2011	0.0	0.0
134581	2011-2012	0.0	0.0
134581	2012-2013	0.0	0.0
134581	2013-2014	0.0	0.0
134581	2014-2015	0.0	0.0
134581	2015-2016	0.0	0.0
134581	2016-2017	0.0	0.0
134581	2017-2018	478000.0	0.0
134581	2018-2019	491000.0	2.7196652719665275
134581	2019-2020	512000.0	4.276985743380855
134582	2009-2010	0.0	0.0
134582	2010-2011	0.0	0.0
134582	2011-2012	0.0	0.0
134582	2012-2013	0.0	0.0
134582	2013-2014	0.0	0.0
134582	2014-2015	0.0	0.0
134582	2015-2016	0.0	0.0
134582	2016-2017	0.0	0.0
134582	2017-2018	494000.0	0.0
134582	2018-2019	508000.0	2.834008097165992
134582	2019-2020	529000.0	4.133858267716536
134583	2009-2010	0.0	0.0
134583	2010-2011	0.0	0.0
134583	2011-2012	0.0	0.0
134583	2012-2013	0.0	0.0
134583	2013-2014	0.0	0.0
134583	2014-2015	0.0	0.0
134583	2015-2016	0.0	0.0
134583	2016-2017	0.0	0.0
134583	2017-2018	578000.0	0.0
134583	2018-2019	594000.0	2.768166089965398
134583	2019-2020	619000.0	4.208754208754209
134584	2009-2010	0.0	0.0
134584	2010-2011	0.0	0.0
134584	2011-2012	0.0	0.0
134584	2012-2013	0.0	0.0
134584	2013-2014	0.0	0.0
134584	2014-2015	0.0	0.0
134584	2015-2016	0.0	0.0
134584	2016-2017	0.0	0.0
134584	2017-2018	578000.0	0.0
134584	2018-2019	594000.0	2.768166089965398
134584	2019-2020	619000.0	4.208754208754209
134585	2009-2010	0.0	0.0
134585	2010-2011	0.0	0.0
134585	2011-2012	0.0	0.0
134585	2012-2013	0.0	0.0
134585	2013-2014	0.0	0.0
134585	2014-2015	0.0	0.0
134585	2015-2016	0.0	0.0
134585	2016-2017	0.0	0.0
134585	2017-2018	578000.0	0.0
134585	2018-2019	594000.0	2.768166089965398
134585	2019-2020	619000.0	4.208754208754209
134586	2009-2010	0.0	0.0
134586	2010-2011	0.0	0.0
134586	2011-2012	0.0	0.0
134586	2012-2013	0.0	0.0
134586	2013-2014	0.0	0.0
134586	2014-2015	0.0	0.0
134586	2015-2016	0.0	0.0
134586	2016-2017	0.0	0.0
134586	2017-2018	578000.0	0.0
134586	2018-2019	594000.0	2.768166089965398
134586	2019-2020	619000.0	4.208754208754209
134587	2009-2010	0.0	0.0
134587	2010-2011	0.0	0.0
134587	2011-2012	0.0	0.0
134587	2012-2013	0.0	0.0
134587	2013-2014	0.0	0.0
134587	2014-2015	0.0	0.0
134587	2015-2016	0.0	0.0
134587	2016-2017	0.0	0.0
134587	2017-2018	562000.0	0.0
134587	2018-2019	578000.0	2.8469750889679712
134587	2019-2020	602000.0	4.1522491349480966
134588	2009-2010	0.0	0.0
134588	2010-2011	0.0	0.0
134588	2011-2012	0.0	0.0
134588	2012-2013	0.0	0.0
134588	2013-2014	0.0	0.0
134588	2014-2015	0.0	0.0
134588	2015-2016	0.0	0.0
134588	2016-2017	0.0	0.0
134588	2017-2018	478000.0	0.0
134588	2018-2019	491000.0	2.7196652719665275
134588	2019-2020	512000.0	4.276985743380855
134589	2009-2010	0.0	0.0
134589	2010-2011	0.0	0.0
134589	2011-2012	0.0	0.0
134589	2012-2013	0.0	0.0
134589	2013-2014	0.0	0.0
134589	2014-2015	0.0	0.0
134589	2015-2016	0.0	0.0
134589	2016-2017	0.0	0.0
134589	2017-2018	441000.0	0.0
134589	2018-2019	453000.0	2.7210884353741496
134589	2019-2020	472000.0	4.194260485651214
134590	2009-2010	0.0	0.0
134590	2010-2011	0.0	0.0
134590	2011-2012	0.0	0.0
134590	2012-2013	0.0	0.0
134590	2013-2014	0.0	0.0
134590	2014-2015	0.0	0.0
134590	2015-2016	0.0	0.0
134590	2016-2017	0.0	0.0
134590	2017-2018	441000.0	0.0
134590	2018-2019	453000.0	2.7210884353741496
134590	2019-2020	472000.0	4.194260485651214
134591	2009-2010	0.0	0.0
134591	2010-2011	0.0	0.0
134591	2011-2012	0.0	0.0
134591	2012-2013	0.0	0.0
134591	2013-2014	0.0	0.0
134591	2014-2015	0.0	0.0
134591	2015-2016	0.0	0.0
134591	2016-2017	0.0	0.0
134591	2017-2018	394000.0	0.0
134591	2018-2019	405000.0	2.7918781725888326
134591	2019-2020	422000.0	4.197530864197531
134592	2009-2010	0.0	0.0
134592	2010-2011	0.0	0.0
134592	2011-2012	0.0	0.0
134592	2012-2013	0.0	0.0
134592	2013-2014	0.0	0.0
134592	2014-2015	0.0	0.0
134592	2015-2016	0.0	0.0
134592	2016-2017	0.0	0.0
134592	2017-2018	441000.0	0.0
134592	2018-2019	453000.0	2.7210884353741496
134592	2019-2020	472000.0	4.194260485651214
134593	2009-2010	0.0	0.0
134593	2010-2011	0.0	0.0
134593	2011-2012	0.0	0.0
134593	2012-2013	0.0	0.0
134593	2013-2014	0.0	0.0
134593	2014-2015	0.0	0.0
134593	2015-2016	0.0	0.0
134593	2016-2017	0.0	0.0
134593	2017-2018	478000.0	0.0
134593	2018-2019	491000.0	2.7196652719665275
134593	2019-2020	512000.0	4.276985743380855
134628	2009-2010	0.0	0.0
134628	2010-2011	0.0	0.0
134628	2011-2012	0.0	0.0
134628	2012-2013	0.0	0.0
134628	2013-2014	0.0	0.0
134628	2014-2015	0.0	0.0
134628	2015-2016	0.0	0.0
134628	2016-2017	0.0	0.0
134628	2017-2018	373000.0	0.0
134628	2018-2019	383000.0	2.680965147453083
134628	2019-2020	399000.0	4.177545691906006
134629	2009-2010	0.0	0.0
134629	2010-2011	0.0	0.0
134629	2011-2012	0.0	0.0
134629	2012-2013	0.0	0.0
134629	2013-2014	0.0	0.0
134629	2014-2015	0.0	0.0
134629	2015-2016	0.0	0.0
134629	2016-2017	0.0	0.0
134629	2017-2018	373000.0	0.0
134629	2018-2019	383000.0	2.680965147453083
134629	2019-2020	399000.0	4.177545691906006
134634	2009-2010	0.0	0.0
134634	2010-2011	0.0	0.0
134634	2011-2012	0.0	0.0
134634	2012-2013	0.0	0.0
134634	2013-2014	0.0	0.0
134634	2014-2015	0.0	0.0
134634	2015-2016	0.0	0.0
134634	2016-2017	0.0	0.0
134634	2017-2018	305000.0	0.0
134634	2018-2019	314000.0	2.9508196721311477
134634	2019-2020	327000.0	4.140127388535031
134636	2009-2010	0.0	0.0
134636	2010-2011	0.0	0.0
134636	2011-2012	0.0	0.0
134636	2012-2013	0.0	0.0
134636	2013-2014	0.0	0.0
134636	2014-2015	0.0	0.0
134636	2015-2016	0.0	0.0
134636	2016-2017	0.0	0.0
134636	2017-2018	305000.0	0.0
134636	2018-2019	314000.0	2.9508196721311477
134636	2019-2020	327000.0	4.140127388535031
134639	2009-2010	0.0	0.0
134639	2010-2011	0.0	0.0
134639	2011-2012	0.0	0.0
134639	2012-2013	0.0	0.0
134639	2013-2014	0.0	0.0
134639	2014-2015	0.0	0.0
134639	2015-2016	0.0	0.0
134639	2016-2017	0.0	0.0
134639	2017-2018	305000.0	0.0
134639	2018-2019	314000.0	2.9508196721311477
134639	2019-2020	327000.0	4.140127388535031
134643	2009-2010	0.0	0.0
134643	2010-2011	0.0	0.0
134643	2011-2012	0.0	0.0
134643	2012-2013	0.0	0.0
134643	2013-2014	0.0	0.0
134643	2014-2015	0.0	0.0
134643	2015-2016	0.0	0.0
134643	2016-2017	0.0	0.0
134643	2017-2018	305000.0	0.0
134643	2018-2019	314000.0	2.9508196721311477
134643	2019-2020	327000.0	4.140127388535031
134647	2009-2010	0.0	0.0
134647	2010-2011	0.0	0.0
134647	2011-2012	0.0	0.0
134647	2012-2013	0.0	0.0
134647	2013-2014	0.0	0.0
134647	2014-2015	0.0	0.0
134647	2015-2016	0.0	0.0
134647	2016-2017	0.0	0.0
134647	2017-2018	305000.0	0.0
134647	2018-2019	314000.0	2.9508196721311477
134647	2019-2020	327000.0	4.140127388535031
134654	2009-2010	0.0	0.0
134654	2010-2011	0.0	0.0
134654	2011-2012	0.0	0.0
134654	2012-2013	0.0	0.0
134654	2013-2014	0.0	0.0
134654	2014-2015	0.0	0.0
134654	2015-2016	0.0	0.0
134654	2016-2017	0.0	0.0
134654	2017-2018	305000.0	0.0
134654	2018-2019	314000.0	2.9508196721311477
134654	2019-2020	327000.0	4.140127388535031
134658	2009-2010	0.0	0.0
134658	2010-2011	0.0	0.0
134658	2011-2012	0.0	0.0
134658	2012-2013	0.0	0.0
134658	2013-2014	0.0	0.0
134658	2014-2015	0.0	0.0
134658	2015-2016	0.0	0.0
134658	2016-2017	0.0	0.0
134658	2017-2018	305000.0	0.0
134658	2018-2019	314000.0	2.9508196721311477
134658	2019-2020	327000.0	4.140127388535031
134662	2009-2010	0.0	0.0
134662	2010-2011	0.0	0.0
134662	2011-2012	0.0	0.0
134662	2012-2013	0.0	0.0
134662	2013-2014	0.0	0.0
134662	2014-2015	0.0	0.0
134662	2015-2016	0.0	0.0
134662	2016-2017	0.0	0.0
134662	2017-2018	478000.0	0.0
134662	2018-2019	491000.0	2.7196652719665275
134662	2019-2020	512000.0	4.276985743380855
134666	2009-2010	0.0	0.0
134666	2010-2011	0.0	0.0
134666	2011-2012	0.0	0.0
134666	2012-2013	0.0	0.0
134666	2013-2014	0.0	0.0
134666	2014-2015	0.0	0.0
134666	2015-2016	0.0	0.0
134666	2016-2017	0.0	0.0
134666	2017-2018	614000.0	0.0
134666	2018-2019	631000.0	2.768729641693811
134666	2019-2020	658000.0	4.27892234548336
134736	2009-2010	0.0	0.0
134736	2010-2011	0.0	0.0
134736	2011-2012	0.0	0.0
134736	2012-2013	0.0	0.0
134736	2013-2014	0.0	0.0
134736	2014-2015	0.0	0.0
134736	2015-2016	0.0	0.0
134736	2016-2017	0.0	0.0
134736	2017-2018	478000.0	0.0
134736	2018-2019	491000.0	2.7196652719665275
134736	2019-2020	512000.0	4.276985743380855
134764	2009-2010	0.0	0.0
134764	2010-2011	0.0	0.0
134764	2011-2012	0.0	0.0
134764	2012-2013	0.0	0.0
134764	2013-2014	0.0	0.0
134764	2014-2015	0.0	0.0
134764	2015-2016	0.0	0.0
134764	2016-2017	0.0	0.0
134764	2017-2018	478000.0	0.0
134764	2018-2019	491000.0	2.7196652719665275
134764	2019-2020	512000.0	4.276985743380855
134771	2009-2010	0.0	0.0
134771	2010-2011	0.0	0.0
134771	2011-2012	0.0	0.0
134771	2012-2013	0.0	0.0
134771	2013-2014	0.0	0.0
134771	2014-2015	0.0	0.0
134771	2015-2016	0.0	0.0
134771	2016-2017	0.0	0.0
134771	2017-2018	441000.0	0.0
134771	2018-2019	453000.0	2.7210884353741496
134771	2019-2020	472000.0	4.194260485651214
134778	2009-2010	0.0	0.0
134778	2010-2011	0.0	0.0
134778	2011-2012	0.0	0.0
134778	2012-2013	0.0	0.0
134778	2013-2014	0.0	0.0
134778	2014-2015	0.0	0.0
134778	2015-2016	0.0	0.0
134778	2016-2017	0.0	0.0
134778	2017-2018	478000.0	0.0
134778	2018-2019	491000.0	2.7196652719665275
134778	2019-2020	512000.0	4.276985743380855
134779	2009-2010	0.0	0.0
134779	2010-2011	0.0	0.0
134779	2011-2012	0.0	0.0
134779	2012-2013	0.0	0.0
134779	2013-2014	0.0	0.0
134779	2014-2015	0.0	0.0
134779	2015-2016	0.0	0.0
134779	2016-2017	0.0	0.0
134779	2017-2018	404000.0	0.0
134779	2018-2019	415000.0	2.722772277227723
134779	2019-2020	432000.0	4.096385542168675
134785	2009-2010	0.0	0.0
134785	2010-2011	0.0	0.0
134785	2011-2012	0.0	0.0
134785	2012-2013	0.0	0.0
134785	2013-2014	0.0	0.0
134785	2014-2015	0.0	0.0
134785	2015-2016	0.0	0.0
134785	2016-2017	0.0	0.0
134785	2017-2018	347000.0	0.0
134785	2018-2019	357000.0	2.881844380403458
134785	2019-2020	372000.0	4.201680672268908
134793	2009-2010	0.0	0.0
134793	2010-2011	0.0	0.0
134793	2011-2012	0.0	0.0
134793	2012-2013	0.0	0.0
134793	2013-2014	0.0	0.0
134793	2014-2015	0.0	0.0
134793	2015-2016	0.0	0.0
134793	2016-2017	0.0	0.0
134793	2017-2018	347000.0	0.0
134793	2018-2019	357000.0	2.881844380403458
134793	2019-2020	372000.0	4.201680672268908
134801	2009-2010	0.0	0.0
134801	2010-2011	0.0	0.0
134801	2011-2012	0.0	0.0
134801	2012-2013	0.0	0.0
134801	2013-2014	0.0	0.0
134801	2014-2015	0.0	0.0
134801	2015-2016	0.0	0.0
134801	2016-2017	0.0	0.0
134801	2017-2018	347000.0	0.0
134801	2018-2019	357000.0	2.881844380403458
134801	2019-2020	372000.0	4.201680672268908
134809	2009-2010	0.0	0.0
134809	2010-2011	0.0	0.0
134809	2011-2012	0.0	0.0
134809	2012-2013	0.0	0.0
134809	2013-2014	0.0	0.0
134809	2014-2015	0.0	0.0
134809	2015-2016	0.0	0.0
134809	2016-2017	0.0	0.0
134809	2017-2018	415000.0	0.0
134809	2018-2019	427000.0	2.891566265060241
134809	2019-2020	445000.0	4.215456674473068
134817	2009-2010	0.0	0.0
134817	2010-2011	0.0	0.0
134817	2011-2012	0.0	0.0
134817	2012-2013	0.0	0.0
134817	2013-2014	0.0	0.0
134817	2014-2015	0.0	0.0
134817	2015-2016	0.0	0.0
134817	2016-2017	0.0	0.0
134817	2017-2018	415000.0	0.0
134817	2018-2019	427000.0	2.891566265060241
134817	2019-2020	445000.0	4.215456674473068
134823	2009-2010	0.0	0.0
134823	2010-2011	0.0	0.0
134823	2011-2012	0.0	0.0
134823	2012-2013	0.0	0.0
134823	2013-2014	0.0	0.0
134823	2014-2015	0.0	0.0
134823	2015-2016	0.0	0.0
134823	2016-2017	0.0	0.0
134823	2017-2018	415000.0	0.0
134823	2018-2019	427000.0	2.891566265060241
134823	2019-2020	445000.0	4.215456674473068
134829	2009-2010	0.0	0.0
134829	2010-2011	0.0	0.0
134829	2011-2012	0.0	0.0
134829	2012-2013	0.0	0.0
134829	2013-2014	0.0	0.0
134829	2014-2015	0.0	0.0
134829	2015-2016	0.0	0.0
134829	2016-2017	0.0	0.0
134829	2017-2018	415000.0	0.0
134829	2018-2019	427000.0	2.891566265060241
134829	2019-2020	445000.0	4.215456674473068
134835	2009-2010	0.0	0.0
134835	2010-2011	0.0	0.0
134835	2011-2012	0.0	0.0
134835	2012-2013	0.0	0.0
134835	2013-2014	0.0	0.0
134835	2014-2015	0.0	0.0
134835	2015-2016	0.0	0.0
134835	2016-2017	0.0	0.0
134835	2017-2018	415000.0	0.0
134835	2018-2019	427000.0	2.891566265060241
134835	2019-2020	445000.0	4.215456674473068
134841	2009-2010	0.0	0.0
134841	2010-2011	0.0	0.0
134841	2011-2012	0.0	0.0
134841	2012-2013	0.0	0.0
134841	2013-2014	0.0	0.0
134841	2014-2015	0.0	0.0
134841	2015-2016	0.0	0.0
134841	2016-2017	0.0	0.0
134841	2017-2018	415000.0	0.0
134841	2018-2019	427000.0	2.891566265060241
134841	2019-2020	445000.0	4.215456674473068
134847	2009-2010	0.0	0.0
134847	2010-2011	0.0	0.0
134847	2011-2012	0.0	0.0
134847	2012-2013	0.0	0.0
134847	2013-2014	0.0	0.0
134847	2014-2015	0.0	0.0
134847	2015-2016	0.0	0.0
134847	2016-2017	0.0	0.0
134847	2017-2018	404000.0	0.0
134847	2018-2019	415000.0	2.722772277227723
134847	2019-2020	432000.0	4.096385542168675
134860	2009-2010	0.0	0.0
134860	2010-2011	0.0	0.0
134860	2011-2012	0.0	0.0
134860	2012-2013	0.0	0.0
134860	2013-2014	0.0	0.0
134860	2014-2015	0.0	0.0
134860	2015-2016	0.0	0.0
134860	2016-2017	0.0	0.0
134860	2017-2018	404000.0	0.0
134860	2018-2019	415000.0	2.722772277227723
134860	2019-2020	432000.0	4.096385542168675
134864	2009-2010	0.0	0.0
134864	2010-2011	0.0	0.0
134864	2011-2012	0.0	0.0
134864	2012-2013	0.0	0.0
134864	2013-2014	0.0	0.0
134864	2014-2015	0.0	0.0
134864	2015-2016	0.0	0.0
134864	2016-2017	0.0	0.0
134864	2017-2018	404000.0	0.0
134864	2018-2019	415000.0	2.722772277227723
134864	2019-2020	432000.0	4.096385542168675
134911	2009-2010	0.0	0.0
134911	2010-2011	0.0	0.0
134911	2011-2012	0.0	0.0
134911	2012-2013	0.0	0.0
134911	2013-2014	0.0	0.0
134911	2014-2015	0.0	0.0
134911	2015-2016	0.0	0.0
134911	2016-2017	0.0	0.0
134911	2017-2018	455000.0	0.0
134911	2018-2019	491000.0	7.9120879120879115
134911	2019-2020	512000.0	4.276985743380855
134919	2009-2010	0.0	0.0
134919	2010-2011	0.0	0.0
134919	2011-2012	0.0	0.0
134919	2012-2013	0.0	0.0
134919	2013-2014	0.0	0.0
134919	2014-2015	0.0	0.0
134919	2015-2016	0.0	0.0
134919	2016-2017	0.0	0.0
134919	2017-2018	478000.0	0.0
134919	2018-2019	491000.0	2.7196652719665275
134919	2019-2020	512000.0	4.276985743380855
134932	2009-2010	0.0	0.0
134932	2010-2011	0.0	0.0
134932	2011-2012	0.0	0.0
134932	2012-2013	0.0	0.0
134932	2013-2014	0.0	0.0
134932	2014-2015	0.0	0.0
134932	2015-2016	0.0	0.0
134932	2016-2017	0.0	0.0
134932	2017-2018	478000.0	0.0
134932	2018-2019	491000.0	2.7196652719665275
134932	2019-2020	512000.0	4.276985743380855
134937	2009-2010	0.0	0.0
134937	2010-2011	0.0	0.0
134937	2011-2012	0.0	0.0
134937	2012-2013	0.0	0.0
134937	2013-2014	0.0	0.0
134937	2014-2015	0.0	0.0
134937	2015-2016	0.0	0.0
134937	2016-2017	0.0	0.0
134937	2017-2018	455000.0	0.0
134937	2018-2019	491000.0	7.9120879120879115
134937	2019-2020	512000.0	4.276985743380855
134952	2009-2010	0.0	0.0
134952	2010-2011	0.0	0.0
134952	2011-2012	0.0	0.0
134952	2012-2013	0.0	0.0
134952	2013-2014	0.0	0.0
134952	2014-2015	0.0	0.0
134952	2015-2016	0.0	0.0
134952	2016-2017	0.0	0.0
134952	2017-2018	478000.0	0.0
134952	2018-2019	491000.0	2.7196652719665275
134952	2019-2020	512000.0	4.276985743380855
134965	2009-2010	0.0	0.0
134965	2010-2011	0.0	0.0
134965	2011-2012	0.0	0.0
134965	2012-2013	0.0	0.0
134965	2013-2014	0.0	0.0
134965	2014-2015	0.0	0.0
134965	2015-2016	0.0	0.0
134965	2016-2017	0.0	0.0
134965	2017-2018	478000.0	0.0
134965	2018-2019	491000.0	2.7196652719665275
134965	2019-2020	512000.0	4.276985743380855
134972	2009-2010	0.0	0.0
134972	2010-2011	0.0	0.0
134972	2011-2012	0.0	0.0
134972	2012-2013	0.0	0.0
134972	2013-2014	0.0	0.0
134972	2014-2015	0.0	0.0
134972	2015-2016	0.0	0.0
134972	2016-2017	0.0	0.0
134972	2017-2018	441000.0	0.0
134972	2018-2019	453000.0	2.7210884353741496
134972	2019-2020	472000.0	4.194260485651214
134977	2009-2010	0.0	0.0
134977	2010-2011	0.0	0.0
134977	2011-2012	0.0	0.0
134977	2012-2013	0.0	0.0
134977	2013-2014	0.0	0.0
134977	2014-2015	0.0	0.0
134977	2015-2016	0.0	0.0
134977	2016-2017	0.0	0.0
134977	2017-2018	415000.0	0.0
134977	2018-2019	427000.0	2.891566265060241
134977	2019-2020	445000.0	4.215456674473068
134998	2009-2010	0.0	0.0
134998	2010-2011	0.0	0.0
134998	2011-2012	0.0	0.0
134998	2012-2013	0.0	0.0
134998	2013-2014	0.0	0.0
134998	2014-2015	0.0	0.0
134998	2015-2016	0.0	0.0
134998	2016-2017	0.0	0.0
134998	2017-2018	478000.0	0.0
134998	2018-2019	491000.0	2.7196652719665275
134998	2019-2020	512000.0	4.276985743380855
134999	2009-2010	0.0	0.0
134999	2010-2011	0.0	0.0
134999	2011-2012	0.0	0.0
134999	2012-2013	0.0	0.0
134999	2013-2014	0.0	0.0
134999	2014-2015	0.0	0.0
134999	2015-2016	0.0	0.0
134999	2016-2017	0.0	0.0
134999	2017-2018	415000.0	0.0
134999	2018-2019	427000.0	2.891566265060241
134999	2019-2020	445000.0	4.215456674473068
135000	2009-2010	0.0	0.0
135000	2010-2011	0.0	0.0
135000	2011-2012	0.0	0.0
135000	2012-2013	0.0	0.0
135000	2013-2014	0.0	0.0
135000	2014-2015	0.0	0.0
135000	2015-2016	0.0	0.0
135000	2016-2017	0.0	0.0
135000	2017-2018	415000.0	0.0
135000	2018-2019	427000.0	2.891566265060241
135000	2019-2020	445000.0	4.215456674473068
135001	2009-2010	0.0	0.0
135001	2010-2011	0.0	0.0
135001	2011-2012	0.0	0.0
135001	2012-2013	0.0	0.0
135001	2013-2014	0.0	0.0
135001	2014-2015	0.0	0.0
135001	2015-2016	0.0	0.0
135001	2016-2017	0.0	0.0
135001	2017-2018	478000.0	0.0
135001	2018-2019	491000.0	2.7196652719665275
135001	2019-2020	512000.0	4.276985743380855
135002	2009-2010	0.0	0.0
135002	2010-2011	0.0	0.0
135002	2011-2012	0.0	0.0
135002	2012-2013	0.0	0.0
135002	2013-2014	0.0	0.0
135002	2014-2015	0.0	0.0
135002	2015-2016	0.0	0.0
135002	2016-2017	0.0	0.0
135002	2017-2018	494000.0	0.0
135002	2018-2019	508000.0	2.834008097165992
135002	2019-2020	529000.0	4.133858267716536
135090	2009-2010	0.0	0.0
135090	2010-2011	0.0	0.0
135090	2011-2012	0.0	0.0
135090	2012-2013	0.0	0.0
135090	2013-2014	0.0	0.0
135090	2014-2015	0.0	0.0
135090	2015-2016	0.0	0.0
135090	2016-2017	0.0	0.0
135090	2017-2018	478000.0	0.0
135090	2018-2019	491000.0	2.7196652719665275
135090	2019-2020	512000.0	4.276985743380855
135095	2009-2010	0.0	0.0
135095	2010-2011	0.0	0.0
135095	2011-2012	0.0	0.0
135095	2012-2013	0.0	0.0
135095	2013-2014	0.0	0.0
135095	2014-2015	0.0	0.0
135095	2015-2016	0.0	0.0
135095	2016-2017	0.0	0.0
135095	2017-2018	478000.0	0.0
135095	2018-2019	491000.0	2.7196652719665275
135095	2019-2020	512000.0	4.276985743380855
135100	2009-2010	0.0	0.0
135100	2010-2011	0.0	0.0
135100	2011-2012	0.0	0.0
135100	2012-2013	0.0	0.0
135100	2013-2014	0.0	0.0
135100	2014-2015	0.0	0.0
135100	2015-2016	0.0	0.0
135100	2016-2017	0.0	0.0
135100	2017-2018	478000.0	0.0
135100	2018-2019	491000.0	2.7196652719665275
135100	2019-2020	512000.0	4.276985743380855
135105	2009-2010	0.0	0.0
135105	2010-2011	0.0	0.0
135105	2011-2012	0.0	0.0
135105	2012-2013	0.0	0.0
135105	2013-2014	0.0	0.0
135105	2014-2015	0.0	0.0
135105	2015-2016	0.0	0.0
135105	2016-2017	0.0	0.0
135105	2017-2018	478000.0	0.0
135105	2018-2019	491000.0	2.7196652719665275
135105	2019-2020	512000.0	4.276985743380855
135108	2009-2010	0.0	0.0
135108	2010-2011	0.0	0.0
135108	2011-2012	0.0	0.0
135108	2012-2013	0.0	0.0
135108	2013-2014	0.0	0.0
135108	2014-2015	0.0	0.0
135108	2015-2016	0.0	0.0
135108	2016-2017	0.0	0.0
135108	2017-2018	578000.0	0.0
135108	2018-2019	594000.0	2.768166089965398
135108	2019-2020	619000.0	4.208754208754209
135111	2009-2010	0.0	0.0
135111	2010-2011	0.0	0.0
135111	2011-2012	0.0	0.0
135111	2012-2013	0.0	0.0
135111	2013-2014	0.0	0.0
135111	2014-2015	0.0	0.0
135111	2015-2016	0.0	0.0
135111	2016-2017	0.0	0.0
135111	2017-2018	478000.0	0.0
135111	2018-2019	491000.0	2.7196652719665275
135111	2019-2020	512000.0	4.276985743380855
135114	2009-2010	0.0	0.0
135114	2010-2011	0.0	0.0
135114	2011-2012	0.0	0.0
135114	2012-2013	0.0	0.0
135114	2013-2014	0.0	0.0
135114	2014-2015	0.0	0.0
135114	2015-2016	0.0	0.0
135114	2016-2017	0.0	0.0
135114	2017-2018	635000.0	0.0
135114	2018-2019	653000.0	2.8346456692913384
135114	2019-2020	680000.0	4.134762633996937
135119	2009-2010	0.0	0.0
135119	2010-2011	0.0	0.0
135119	2011-2012	0.0	0.0
135119	2012-2013	0.0	0.0
135119	2013-2014	0.0	0.0
135119	2014-2015	0.0	0.0
135119	2015-2016	0.0	0.0
135119	2016-2017	0.0	0.0
135119	2017-2018	478000.0	0.0
135119	2018-2019	491000.0	2.7196652719665275
135119	2019-2020	512000.0	4.276985743380855
135122	2009-2010	0.0	0.0
135122	2010-2011	0.0	0.0
135122	2011-2012	0.0	0.0
135122	2012-2013	0.0	0.0
135122	2013-2014	0.0	0.0
135122	2014-2015	0.0	0.0
135122	2015-2016	0.0	0.0
135122	2016-2017	0.0	0.0
135122	2017-2018	662000.0	0.0
135122	2018-2019	681000.0	2.8700906344410875
135122	2019-2020	710000.0	4.258443465491924
135127	2009-2010	0.0	0.0
135127	2010-2011	0.0	0.0
135127	2011-2012	0.0	0.0
135127	2012-2013	0.0	0.0
135127	2013-2014	0.0	0.0
135127	2014-2015	0.0	0.0
135127	2015-2016	0.0	0.0
135127	2016-2017	0.0	0.0
135127	2017-2018	646000.0	0.0
135127	2018-2019	664000.0	2.786377708978328
135127	2019-2020	692000.0	4.216867469879518
135132	2009-2010	0.0	0.0
135132	2010-2011	0.0	0.0
135132	2011-2012	0.0	0.0
135132	2012-2013	0.0	0.0
135132	2013-2014	0.0	0.0
135132	2014-2015	0.0	0.0
135132	2015-2016	0.0	0.0
135132	2016-2017	0.0	0.0
135132	2017-2018	635000.0	0.0
135132	2018-2019	653000.0	2.8346456692913384
135132	2019-2020	680000.0	4.134762633996937
135137	2009-2010	0.0	0.0
135137	2010-2011	0.0	0.0
135137	2011-2012	0.0	0.0
135137	2012-2013	0.0	0.0
135137	2013-2014	0.0	0.0
135137	2014-2015	0.0	0.0
135137	2015-2016	0.0	0.0
135137	2016-2017	0.0	0.0
135137	2017-2018	614000.0	0.0
135137	2018-2019	631000.0	2.768729641693811
135137	2019-2020	658000.0	4.27892234548336
135142	2009-2010	0.0	0.0
135142	2010-2011	0.0	0.0
135142	2011-2012	0.0	0.0
135142	2012-2013	0.0	0.0
135142	2013-2014	0.0	0.0
135142	2014-2015	0.0	0.0
135142	2015-2016	0.0	0.0
135142	2016-2017	0.0	0.0
135142	2017-2018	635000.0	0.0
135142	2018-2019	653000.0	2.8346456692913384
135142	2019-2020	680000.0	4.134762633996937
135210	2009-2010	0.0	0.0
135210	2010-2011	0.0	0.0
135210	2011-2012	0.0	0.0
135210	2012-2013	0.0	0.0
135210	2013-2014	0.0	0.0
135210	2014-2015	0.0	0.0
135210	2015-2016	0.0	0.0
135210	2016-2017	0.0	0.0
135210	2017-2018	483000.0	0.0
135210	2018-2019	497000.0	2.898550724637681
135210	2019-2020	518000.0	4.225352112676056
135211	2009-2010	0.0	0.0
135211	2010-2011	0.0	0.0
135211	2011-2012	0.0	0.0
135211	2012-2013	0.0	0.0
135211	2013-2014	0.0	0.0
135211	2014-2015	0.0	0.0
135211	2015-2016	0.0	0.0
135211	2016-2017	0.0	0.0
135211	2017-2018	347000.0	0.0
135211	2018-2019	357000.0	2.881844380403458
135211	2019-2020	372000.0	4.201680672268908
135212	2009-2010	0.0	0.0
135212	2010-2011	0.0	0.0
135212	2011-2012	0.0	0.0
135212	2012-2013	0.0	0.0
135212	2013-2014	0.0	0.0
135212	2014-2015	0.0	0.0
135212	2015-2016	0.0	0.0
135212	2016-2017	0.0	0.0
135212	2017-2018	478000.0	0.0
135212	2018-2019	491000.0	2.7196652719665275
135212	2019-2020	512000.0	4.276985743380855
135213	2009-2010	0.0	0.0
135213	2010-2011	0.0	0.0
135213	2011-2012	0.0	0.0
135213	2012-2013	0.0	0.0
135213	2013-2014	0.0	0.0
135213	2014-2015	0.0	0.0
135213	2015-2016	0.0	0.0
135213	2016-2017	0.0	0.0
135213	2017-2018	347000.0	0.0
135213	2018-2019	357000.0	2.881844380403458
135213	2019-2020	372000.0	4.201680672268908
135214	2009-2010	0.0	0.0
135214	2010-2011	0.0	0.0
135214	2011-2012	0.0	0.0
135214	2012-2013	0.0	0.0
135214	2013-2014	0.0	0.0
135214	2014-2015	0.0	0.0
135214	2015-2016	0.0	0.0
135214	2016-2017	0.0	0.0
135214	2017-2018	341000.0	0.0
135214	2018-2019	351000.0	2.932551319648094
135214	2019-2020	366000.0	4.273504273504273
135215	2009-2010	0.0	0.0
135215	2010-2011	0.0	0.0
135215	2011-2012	0.0	0.0
135215	2012-2013	0.0	0.0
135215	2013-2014	0.0	0.0
135215	2014-2015	0.0	0.0
135215	2015-2016	0.0	0.0
135215	2016-2017	0.0	0.0
135215	2017-2018	478000.0	0.0
135215	2018-2019	491000.0	2.7196652719665275
135215	2019-2020	512000.0	4.276985743380855
135216	2009-2010	0.0	0.0
135216	2010-2011	0.0	0.0
135216	2011-2012	0.0	0.0
135216	2012-2013	0.0	0.0
135216	2013-2014	0.0	0.0
135216	2014-2015	0.0	0.0
135216	2015-2016	0.0	0.0
135216	2016-2017	0.0	0.0
135216	2017-2018	347000.0	0.0
135216	2018-2019	357000.0	2.881844380403458
135216	2019-2020	372000.0	4.201680672268908
135217	2009-2010	0.0	0.0
135217	2010-2011	0.0	0.0
135217	2011-2012	0.0	0.0
135217	2012-2013	0.0	0.0
135217	2013-2014	0.0	0.0
135217	2014-2015	0.0	0.0
135217	2015-2016	0.0	0.0
135217	2016-2017	0.0	0.0
135217	2017-2018	441000.0	0.0
135217	2018-2019	453000.0	2.7210884353741496
135217	2019-2020	472000.0	4.194260485651214
135218	2009-2010	0.0	0.0
135218	2010-2011	0.0	0.0
135218	2011-2012	0.0	0.0
135218	2012-2013	0.0	0.0
135218	2013-2014	0.0	0.0
135218	2014-2015	0.0	0.0
135218	2015-2016	0.0	0.0
135218	2016-2017	0.0	0.0
135218	2017-2018	415000.0	0.0
135218	2018-2019	427000.0	2.891566265060241
135218	2019-2020	445000.0	4.215456674473068
135219	2009-2010	0.0	0.0
135219	2010-2011	0.0	0.0
135219	2011-2012	0.0	0.0
135219	2012-2013	0.0	0.0
135219	2013-2014	0.0	0.0
135219	2014-2015	0.0	0.0
135219	2015-2016	0.0	0.0
135219	2016-2017	0.0	0.0
135219	2017-2018	347000.0	0.0
135219	2018-2019	357000.0	2.881844380403458
135219	2019-2020	372000.0	4.201680672268908
135220	2009-2010	0.0	0.0
135220	2010-2011	0.0	0.0
135220	2011-2012	0.0	0.0
135220	2012-2013	0.0	0.0
135220	2013-2014	0.0	0.0
135220	2014-2015	0.0	0.0
135220	2015-2016	0.0	0.0
135220	2016-2017	0.0	0.0
135220	2017-2018	415000.0	0.0
135220	2018-2019	427000.0	2.891566265060241
135220	2019-2020	445000.0	4.215456674473068
135221	2009-2010	0.0	0.0
135221	2010-2011	0.0	0.0
135221	2011-2012	0.0	0.0
135221	2012-2013	0.0	0.0
135221	2013-2014	0.0	0.0
135221	2014-2015	0.0	0.0
135221	2015-2016	0.0	0.0
135221	2016-2017	0.0	0.0
135221	2017-2018	347000.0	0.0
135221	2018-2019	357000.0	2.881844380403458
135221	2019-2020	372000.0	4.201680672268908
135222	2009-2010	0.0	0.0
135222	2010-2011	0.0	0.0
135222	2011-2012	0.0	0.0
135222	2012-2013	0.0	0.0
135222	2013-2014	0.0	0.0
135222	2014-2015	0.0	0.0
135222	2015-2016	0.0	0.0
135222	2016-2017	0.0	0.0
135222	2017-2018	415000.0	0.0
135222	2018-2019	427000.0	2.891566265060241
135222	2019-2020	445000.0	4.215456674473068
135223	2009-2010	0.0	0.0
135223	2010-2011	0.0	0.0
135223	2011-2012	0.0	0.0
135223	2012-2013	0.0	0.0
135223	2013-2014	0.0	0.0
135223	2014-2015	0.0	0.0
135223	2015-2016	0.0	0.0
135223	2016-2017	0.0	0.0
135223	2017-2018	347000.0	0.0
135223	2018-2019	357000.0	2.881844380403458
135223	2019-2020	372000.0	4.201680672268908
135224	2009-2010	0.0	0.0
135224	2010-2011	0.0	0.0
135224	2011-2012	0.0	0.0
135224	2012-2013	0.0	0.0
135224	2013-2014	0.0	0.0
135224	2014-2015	0.0	0.0
135224	2015-2016	0.0	0.0
135224	2016-2017	0.0	0.0
135224	2017-2018	347000.0	0.0
135224	2018-2019	357000.0	2.881844380403458
135224	2019-2020	372000.0	4.201680672268908
135225	2009-2010	0.0	0.0
135225	2010-2011	0.0	0.0
135225	2011-2012	0.0	0.0
135225	2012-2013	0.0	0.0
135225	2013-2014	0.0	0.0
135225	2014-2015	0.0	0.0
135225	2015-2016	0.0	0.0
135225	2016-2017	0.0	0.0
135225	2017-2018	347000.0	0.0
135225	2018-2019	357000.0	2.881844380403458
135225	2019-2020	372000.0	4.201680672268908
135226	2009-2010	0.0	0.0
135226	2010-2011	0.0	0.0
135226	2011-2012	0.0	0.0
135226	2012-2013	0.0	0.0
135226	2013-2014	0.0	0.0
135226	2014-2015	0.0	0.0
135226	2015-2016	0.0	0.0
135226	2016-2017	0.0	0.0
135226	2017-2018	347000.0	0.0
135226	2018-2019	357000.0	2.881844380403458
135226	2019-2020	372000.0	4.201680672268908
135227	2009-2010	0.0	0.0
135227	2010-2011	0.0	0.0
135227	2011-2012	0.0	0.0
135227	2012-2013	0.0	0.0
135227	2013-2014	0.0	0.0
135227	2014-2015	0.0	0.0
135227	2015-2016	0.0	0.0
135227	2016-2017	0.0	0.0
135227	2017-2018	415000.0	0.0
135227	2018-2019	427000.0	2.891566265060241
135227	2019-2020	445000.0	4.215456674473068
135228	2009-2010	0.0	0.0
135228	2010-2011	0.0	0.0
135228	2011-2012	0.0	0.0
135228	2012-2013	0.0	0.0
135228	2013-2014	0.0	0.0
135228	2014-2015	0.0	0.0
135228	2015-2016	0.0	0.0
135228	2016-2017	0.0	0.0
135228	2017-2018	347000.0	0.0
135228	2018-2019	357000.0	2.881844380403458
135228	2019-2020	372000.0	4.201680672268908
135229	2009-2010	0.0	0.0
135229	2010-2011	0.0	0.0
135229	2011-2012	0.0	0.0
135229	2012-2013	0.0	0.0
135229	2013-2014	0.0	0.0
135229	2014-2015	0.0	0.0
135229	2015-2016	0.0	0.0
135229	2016-2017	0.0	0.0
135229	2017-2018	478000.0	0.0
135229	2018-2019	491000.0	2.7196652719665275
135229	2019-2020	512000.0	4.276985743380855
135230	2009-2010	0.0	0.0
135230	2010-2011	0.0	0.0
135230	2011-2012	0.0	0.0
135230	2012-2013	0.0	0.0
135230	2013-2014	0.0	0.0
135230	2014-2015	0.0	0.0
135230	2015-2016	0.0	0.0
135230	2016-2017	0.0	0.0
135230	2017-2018	415000.0	0.0
135230	2018-2019	427000.0	2.891566265060241
135230	2019-2020	445000.0	4.215456674473068
135231	2009-2010	0.0	0.0
135231	2010-2011	0.0	0.0
135231	2011-2012	0.0	0.0
135231	2012-2013	0.0	0.0
135231	2013-2014	0.0	0.0
135231	2014-2015	0.0	0.0
135231	2015-2016	0.0	0.0
135231	2016-2017	0.0	0.0
135231	2017-2018	478000.0	0.0
135231	2018-2019	491000.0	2.7196652719665275
135231	2019-2020	512000.0	4.276985743380855
135232	2009-2010	0.0	0.0
135232	2010-2011	0.0	0.0
135232	2011-2012	0.0	0.0
135232	2012-2013	0.0	0.0
135232	2013-2014	0.0	0.0
135232	2014-2015	0.0	0.0
135232	2015-2016	0.0	0.0
135232	2016-2017	0.0	0.0
135232	2017-2018	415000.0	0.0
135232	2018-2019	427000.0	2.891566265060241
135232	2019-2020	445000.0	4.215456674473068
135233	2009-2010	0.0	0.0
135233	2010-2011	0.0	0.0
135233	2011-2012	0.0	0.0
135233	2012-2013	0.0	0.0
135233	2013-2014	0.0	0.0
135233	2014-2015	0.0	0.0
135233	2015-2016	0.0	0.0
135233	2016-2017	0.0	0.0
135233	2017-2018	347000.0	0.0
135233	2018-2019	357000.0	2.881844380403458
135233	2019-2020	372000.0	4.201680672268908
135234	2009-2010	0.0	0.0
135234	2010-2011	0.0	0.0
135234	2011-2012	0.0	0.0
135234	2012-2013	0.0	0.0
135234	2013-2014	0.0	0.0
135234	2014-2015	0.0	0.0
135234	2015-2016	0.0	0.0
135234	2016-2017	0.0	0.0
135234	2017-2018	478000.0	0.0
135234	2018-2019	491000.0	2.7196652719665275
135234	2019-2020	512000.0	4.276985743380855
135235	2009-2010	0.0	0.0
135235	2010-2011	0.0	0.0
135235	2011-2012	0.0	0.0
135235	2012-2013	0.0	0.0
135235	2013-2014	0.0	0.0
135235	2014-2015	0.0	0.0
135235	2015-2016	0.0	0.0
135235	2016-2017	0.0	0.0
135235	2017-2018	305000.0	0.0
135235	2018-2019	314000.0	2.9508196721311477
135235	2019-2020	327000.0	4.140127388535031
135236	2009-2010	0.0	0.0
135236	2010-2011	0.0	0.0
135236	2011-2012	0.0	0.0
135236	2012-2013	0.0	0.0
135236	2013-2014	0.0	0.0
135236	2014-2015	0.0	0.0
135236	2015-2016	0.0	0.0
135236	2016-2017	0.0	0.0
135236	2017-2018	305000.0	0.0
135236	2018-2019	314000.0	2.9508196721311477
135236	2019-2020	327000.0	4.140127388535031
135237	2009-2010	0.0	0.0
135237	2010-2011	0.0	0.0
135237	2011-2012	0.0	0.0
135237	2012-2013	0.0	0.0
135237	2013-2014	0.0	0.0
135237	2014-2015	0.0	0.0
135237	2015-2016	0.0	0.0
135237	2016-2017	0.0	0.0
135237	2017-2018	305000.0	0.0
135237	2018-2019	314000.0	2.9508196721311477
135237	2019-2020	327000.0	4.140127388535031
135238	2009-2010	0.0	0.0
135238	2010-2011	0.0	0.0
135238	2011-2012	0.0	0.0
135238	2012-2013	0.0	0.0
135238	2013-2014	0.0	0.0
135238	2014-2015	0.0	0.0
135238	2015-2016	0.0	0.0
135238	2016-2017	420000.0	0.0
135238	2017-2018	441000.0	5.0
135238	2018-2019	453000.0	2.7210884353741496
135238	2019-2020	472000.0	4.194260485651214
135239	2009-2010	0.0	0.0
135239	2010-2011	0.0	0.0
135239	2011-2012	0.0	0.0
135239	2012-2013	0.0	0.0
135239	2013-2014	0.0	0.0
135239	2014-2015	0.0	0.0
135239	2015-2016	0.0	0.0
135239	2016-2017	0.0	0.0
135239	2017-2018	310000.0	0.0
135239	2018-2019	319000.0	2.903225806451613
135239	2019-2020	332000.0	4.075235109717868
135240	2009-2010	0.0	0.0
135240	2010-2011	0.0	0.0
135240	2011-2012	0.0	0.0
135240	2012-2013	0.0	0.0
135240	2013-2014	0.0	0.0
135240	2014-2015	0.0	0.0
135240	2015-2016	0.0	0.0
135240	2016-2017	0.0	0.0
135240	2017-2018	478000.0	0.0
135240	2018-2019	491000.0	2.7196652719665275
135240	2019-2020	512000.0	4.276985743380855
135241	2009-2010	0.0	0.0
135241	2010-2011	0.0	0.0
135241	2011-2012	0.0	0.0
135241	2012-2013	0.0	0.0
135241	2013-2014	0.0	0.0
135241	2014-2015	0.0	0.0
135241	2015-2016	0.0	0.0
135241	2016-2017	0.0	0.0
135241	2017-2018	305000.0	0.0
135241	2018-2019	314000.0	2.9508196721311477
135241	2019-2020	327000.0	4.140127388535031
135242	2009-2010	0.0	0.0
135242	2010-2011	0.0	0.0
135242	2011-2012	0.0	0.0
135242	2012-2013	0.0	0.0
135242	2013-2014	0.0	0.0
135242	2014-2015	0.0	0.0
135242	2015-2016	0.0	0.0
135242	2016-2017	0.0	0.0
135242	2017-2018	441000.0	0.0
135242	2018-2019	453000.0	2.7210884353741496
135242	2019-2020	472000.0	4.194260485651214
135243	2009-2010	0.0	0.0
135243	2010-2011	0.0	0.0
135243	2011-2012	0.0	0.0
135243	2012-2013	0.0	0.0
135243	2013-2014	0.0	0.0
135243	2014-2015	0.0	0.0
135243	2015-2016	0.0	0.0
135243	2016-2017	0.0	0.0
135243	2017-2018	305000.0	0.0
135243	2018-2019	314000.0	2.9508196721311477
135243	2019-2020	327000.0	4.140127388535031
135244	2009-2010	0.0	0.0
135244	2010-2011	0.0	0.0
135244	2011-2012	0.0	0.0
135244	2012-2013	0.0	0.0
135244	2013-2014	0.0	0.0
135244	2014-2015	0.0	0.0
135244	2015-2016	0.0	0.0
135244	2016-2017	0.0	0.0
135244	2017-2018	488000.0	0.0
135244	2018-2019	502000.0	2.8688524590163933
135244	2019-2020	523000.0	4.183266932270916
135245	2009-2010	0.0	0.0
135245	2010-2011	0.0	0.0
135245	2011-2012	0.0	0.0
135245	2012-2013	0.0	0.0
135245	2013-2014	0.0	0.0
135245	2014-2015	0.0	0.0
135245	2015-2016	0.0	0.0
135245	2016-2017	0.0	0.0
135245	2017-2018	305000.0	0.0
135245	2018-2019	314000.0	2.9508196721311477
135245	2019-2020	327000.0	4.140127388535031
135251	2009-2010	0.0	0.0
135251	2010-2011	0.0	0.0
135251	2011-2012	0.0	0.0
135251	2012-2013	0.0	0.0
135251	2013-2014	0.0	0.0
135251	2014-2015	0.0	0.0
135251	2015-2016	0.0	0.0
135251	2016-2017	0.0	0.0
135251	2017-2018	441000.0	0.0
135251	2018-2019	453000.0	2.7210884353741496
135251	2019-2020	472000.0	4.194260485651214
135253	2009-2010	0.0	0.0
135253	2010-2011	0.0	0.0
135253	2011-2012	0.0	0.0
135253	2012-2013	0.0	0.0
135253	2013-2014	0.0	0.0
135253	2014-2015	0.0	0.0
135253	2015-2016	0.0	0.0
135253	2016-2017	0.0	0.0
135253	2017-2018	462000.0	0.0
135253	2018-2019	475000.0	2.813852813852814
135253	2019-2020	495000.0	4.2105263157894735
135255	2009-2010	0.0	0.0
135255	2010-2011	0.0	0.0
135255	2011-2012	0.0	0.0
135255	2012-2013	0.0	0.0
135255	2013-2014	0.0	0.0
135255	2014-2015	0.0	0.0
135255	2015-2016	0.0	0.0
135255	2016-2017	0.0	0.0
135255	2017-2018	494000.0	0.0
135255	2018-2019	508000.0	2.834008097165992
135255	2019-2020	529000.0	4.133858267716536
135256	2009-2010	0.0	0.0
135256	2010-2011	0.0	0.0
135256	2011-2012	0.0	0.0
135256	2012-2013	0.0	0.0
135256	2013-2014	0.0	0.0
135256	2014-2015	0.0	0.0
135256	2015-2016	0.0	0.0
135256	2016-2017	0.0	0.0
135256	2017-2018	499000.0	0.0
135256	2018-2019	513000.0	2.80561122244489
135256	2019-2020	535000.0	4.28849902534113
135257	2009-2010	0.0	0.0
135257	2010-2011	0.0	0.0
135257	2011-2012	0.0	0.0
135257	2012-2013	0.0	0.0
135257	2013-2014	0.0	0.0
135257	2014-2015	0.0	0.0
135257	2015-2016	0.0	0.0
135257	2016-2017	0.0	0.0
135257	2017-2018	551000.0	0.0
135257	2018-2019	567000.0	2.9038112522686026
135257	2019-2020	591000.0	4.232804232804233
135259	2009-2010	0.0	0.0
135259	2010-2011	0.0	0.0
135259	2011-2012	0.0	0.0
135259	2012-2013	0.0	0.0
135259	2013-2014	0.0	0.0
135259	2014-2015	0.0	0.0
135259	2015-2016	0.0	0.0
135259	2016-2017	0.0	0.0
135259	2017-2018	515000.0	0.0
135259	2018-2019	529000.0	2.7184466019417477
135259	2019-2020	551000.0	4.158790170132325
135260	2009-2010	0.0	0.0
135260	2010-2011	0.0	0.0
135260	2011-2012	0.0	0.0
135260	2012-2013	0.0	0.0
135260	2013-2014	0.0	0.0
135260	2014-2015	0.0	0.0
135260	2015-2016	0.0	0.0
135260	2016-2017	0.0	0.0
135260	2017-2018	515000.0	0.0
135260	2018-2019	529000.0	2.7184466019417477
135260	2019-2020	551000.0	4.158790170132325
135261	2009-2010	0.0	0.0
135261	2010-2011	0.0	0.0
135261	2011-2012	0.0	0.0
135261	2012-2013	0.0	0.0
135261	2013-2014	0.0	0.0
135261	2014-2015	0.0	0.0
135261	2015-2016	0.0	0.0
135261	2016-2017	0.0	0.0
135261	2017-2018	515000.0	0.0
135261	2018-2019	529000.0	2.7184466019417477
135261	2019-2020	551000.0	4.158790170132325
135262	2009-2010	0.0	0.0
135262	2010-2011	0.0	0.0
135262	2011-2012	0.0	0.0
135262	2012-2013	0.0	0.0
135262	2013-2014	0.0	0.0
135262	2014-2015	0.0	0.0
135262	2015-2016	0.0	0.0
135262	2016-2017	0.0	0.0
135262	2017-2018	515000.0	0.0
135262	2018-2019	529000.0	2.7184466019417477
135262	2019-2020	551000.0	4.158790170132325
135263	2009-2010	0.0	0.0
135263	2010-2011	0.0	0.0
135263	2011-2012	0.0	0.0
135263	2012-2013	0.0	0.0
135263	2013-2014	0.0	0.0
135263	2014-2015	0.0	0.0
135263	2015-2016	0.0	0.0
135263	2016-2017	0.0	0.0
135263	2017-2018	515000.0	0.0
135263	2018-2019	529000.0	2.7184466019417477
135263	2019-2020	551000.0	4.158790170132325
135265	2009-2010	0.0	0.0
135265	2010-2011	0.0	0.0
135265	2011-2012	0.0	0.0
135265	2012-2013	0.0	0.0
135265	2013-2014	0.0	0.0
135265	2014-2015	0.0	0.0
135265	2015-2016	0.0	0.0
135265	2016-2017	0.0	0.0
135265	2017-2018	515000.0	0.0
135265	2018-2019	529000.0	2.7184466019417477
135265	2019-2020	551000.0	4.158790170132325
135266	2009-2010	0.0	0.0
135266	2010-2011	0.0	0.0
135266	2011-2012	0.0	0.0
135266	2012-2013	0.0	0.0
135266	2013-2014	0.0	0.0
135266	2014-2015	0.0	0.0
135266	2015-2016	0.0	0.0
135266	2016-2017	0.0	0.0
135266	2017-2018	515000.0	0.0
135266	2018-2019	529000.0	2.7184466019417477
135266	2019-2020	551000.0	4.158790170132325
135267	2009-2010	0.0	0.0
135267	2010-2011	0.0	0.0
135267	2011-2012	0.0	0.0
135267	2012-2013	0.0	0.0
135267	2013-2014	0.0	0.0
135267	2014-2015	0.0	0.0
135267	2015-2016	0.0	0.0
135267	2016-2017	0.0	0.0
135267	2017-2018	515000.0	0.0
135267	2018-2019	529000.0	2.7184466019417477
135267	2019-2020	551000.0	4.158790170132325
135268	2009-2010	0.0	0.0
135268	2010-2011	0.0	0.0
135268	2011-2012	0.0	0.0
135268	2012-2013	0.0	0.0
135268	2013-2014	0.0	0.0
135268	2014-2015	0.0	0.0
135268	2015-2016	0.0	0.0
135268	2016-2017	0.0	0.0
135268	2017-2018	635000.0	0.0
135268	2018-2019	653000.0	2.8346456692913384
135268	2019-2020	680000.0	4.134762633996937
135269	2009-2010	0.0	0.0
135269	2010-2011	0.0	0.0
135269	2011-2012	0.0	0.0
135269	2012-2013	0.0	0.0
135269	2013-2014	0.0	0.0
135269	2014-2015	0.0	0.0
135269	2015-2016	0.0	0.0
135269	2016-2017	0.0	0.0
135269	2017-2018	478000.0	0.0
135269	2018-2019	491000.0	2.7196652719665275
135269	2019-2020	512000.0	4.276985743380855
135270	2009-2010	0.0	0.0
135270	2010-2011	0.0	0.0
135270	2011-2012	0.0	0.0
135270	2012-2013	0.0	0.0
135270	2013-2014	0.0	0.0
135270	2014-2015	0.0	0.0
135270	2015-2016	0.0	0.0
135270	2016-2017	0.0	0.0
135270	2017-2018	672000.0	0.0
135270	2018-2019	691000.0	2.8273809523809526
135270	2019-2020	720000.0	4.196816208393632
135537	2009-2010	0.0	0.0
135537	2010-2011	0.0	0.0
135537	2011-2012	0.0	0.0
135537	2012-2013	0.0	0.0
135537	2013-2014	0.0	0.0
135537	2014-2015	0.0	0.0
135537	2015-2016	0.0	0.0
135537	2016-2017	0.0	0.0
135537	2017-2018	494000.0	0.0
135537	2018-2019	508000.0	2.834008097165992
135537	2019-2020	529000.0	4.133858267716536
135538	2009-2010	0.0	0.0
135538	2010-2011	0.0	0.0
135538	2011-2012	0.0	0.0
135538	2012-2013	0.0	0.0
135538	2013-2014	0.0	0.0
135538	2014-2015	0.0	0.0
135538	2015-2016	0.0	0.0
135538	2016-2017	0.0	0.0
135538	2017-2018	441000.0	0.0
135538	2018-2019	453000.0	2.7210884353741496
135538	2019-2020	472000.0	4.194260485651214
135539	2009-2010	0.0	0.0
135539	2010-2011	0.0	0.0
135539	2011-2012	0.0	0.0
135539	2012-2013	0.0	0.0
135539	2013-2014	0.0	0.0
135539	2014-2015	0.0	0.0
135539	2015-2016	0.0	0.0
135539	2016-2017	0.0	0.0
135539	2017-2018	305000.0	0.0
135539	2018-2019	314000.0	2.9508196721311477
135539	2019-2020	327000.0	4.140127388535031
135540	2009-2010	0.0	0.0
135540	2010-2011	0.0	0.0
135540	2011-2012	0.0	0.0
135540	2012-2013	0.0	0.0
135540	2013-2014	0.0	0.0
135540	2014-2015	0.0	0.0
135540	2015-2016	0.0	0.0
135540	2016-2017	0.0	0.0
135540	2017-2018	441000.0	0.0
135540	2018-2019	453000.0	2.7210884353741496
135540	2019-2020	472000.0	4.194260485651214
135541	2009-2010	0.0	0.0
135541	2010-2011	0.0	0.0
135541	2011-2012	0.0	0.0
135541	2012-2013	0.0	0.0
135541	2013-2014	0.0	0.0
135541	2014-2015	0.0	0.0
135541	2015-2016	0.0	0.0
135541	2016-2017	0.0	0.0
135541	2017-2018	305000.0	0.0
135541	2018-2019	314000.0	2.9508196721311477
135541	2019-2020	327000.0	4.140127388535031
135542	2009-2010	0.0	0.0
135542	2010-2011	0.0	0.0
135542	2011-2012	0.0	0.0
135542	2012-2013	0.0	0.0
135542	2013-2014	0.0	0.0
135542	2014-2015	0.0	0.0
135542	2015-2016	0.0	0.0
135542	2016-2017	0.0	0.0
135542	2017-2018	441000.0	0.0
135542	2018-2019	453000.0	2.7210884353741496
135542	2019-2020	472000.0	4.194260485651214
135543	2009-2010	0.0	0.0
135543	2010-2011	0.0	0.0
135543	2011-2012	0.0	0.0
135543	2012-2013	0.0	0.0
135543	2013-2014	0.0	0.0
135543	2014-2015	0.0	0.0
135543	2015-2016	0.0	0.0
135543	2016-2017	0.0	0.0
135543	2017-2018	305000.0	0.0
135543	2018-2019	314000.0	2.9508196721311477
135543	2019-2020	327000.0	4.140127388535031
135544	2009-2010	0.0	0.0
135544	2010-2011	0.0	0.0
135544	2011-2012	0.0	0.0
135544	2012-2013	0.0	0.0
135544	2013-2014	0.0	0.0
135544	2014-2015	0.0	0.0
135544	2015-2016	0.0	0.0
135544	2016-2017	0.0	0.0
135544	2017-2018	441000.0	0.0
135544	2018-2019	453000.0	2.7210884353741496
135544	2019-2020	472000.0	4.194260485651214
135545	2009-2010	0.0	0.0
135545	2010-2011	0.0	0.0
135545	2011-2012	0.0	0.0
135545	2012-2013	0.0	0.0
135545	2013-2014	0.0	0.0
135545	2014-2015	0.0	0.0
135545	2015-2016	0.0	0.0
135545	2016-2017	0.0	0.0
135545	2017-2018	305000.0	0.0
135545	2018-2019	314000.0	2.9508196721311477
135545	2019-2020	327000.0	4.140127388535031
135546	2009-2010	0.0	0.0
135546	2010-2011	0.0	0.0
135546	2011-2012	0.0	0.0
135546	2012-2013	0.0	0.0
135546	2013-2014	0.0	0.0
135546	2014-2015	0.0	0.0
135546	2015-2016	0.0	0.0
135546	2016-2017	0.0	0.0
135546	2017-2018	441000.0	0.0
135546	2018-2019	453000.0	2.7210884353741496
135546	2019-2020	472000.0	4.194260485651214
135547	2009-2010	0.0	0.0
135547	2010-2011	0.0	0.0
135547	2011-2012	0.0	0.0
135547	2012-2013	0.0	0.0
135547	2013-2014	0.0	0.0
135547	2014-2015	0.0	0.0
135547	2015-2016	0.0	0.0
135547	2016-2017	0.0	0.0
135547	2017-2018	305000.0	0.0
135547	2018-2019	314000.0	2.9508196721311477
135547	2019-2020	327000.0	4.140127388535031
135548	2009-2010	0.0	0.0
135548	2010-2011	0.0	0.0
135548	2011-2012	0.0	0.0
135548	2012-2013	0.0	0.0
135548	2013-2014	0.0	0.0
135548	2014-2015	0.0	0.0
135548	2015-2016	0.0	0.0
135548	2016-2017	0.0	0.0
135548	2017-2018	373000.0	0.0
135548	2018-2019	383000.0	2.680965147453083
135548	2019-2020	399000.0	4.177545691906006
135549	2009-2010	0.0	0.0
135549	2010-2011	0.0	0.0
135549	2011-2012	0.0	0.0
135549	2012-2013	0.0	0.0
135549	2013-2014	0.0	0.0
135549	2014-2015	0.0	0.0
135549	2015-2016	0.0	0.0
135549	2016-2017	0.0	0.0
135549	2017-2018	494000.0	0.0
135549	2018-2019	508000.0	2.834008097165992
135549	2019-2020	529000.0	4.133858267716536
135550	2009-2010	0.0	0.0
135550	2010-2011	0.0	0.0
135550	2011-2012	0.0	0.0
135550	2012-2013	0.0	0.0
135550	2013-2014	0.0	0.0
135550	2014-2015	0.0	0.0
135550	2015-2016	0.0	0.0
135550	2016-2017	0.0	0.0
135550	2017-2018	305000.0	0.0
135550	2018-2019	314000.0	2.9508196721311477
135550	2019-2020	327000.0	4.140127388535031
135551	2009-2010	0.0	0.0
135551	2010-2011	0.0	0.0
135551	2011-2012	0.0	0.0
135551	2012-2013	0.0	0.0
135551	2013-2014	0.0	0.0
135551	2014-2015	0.0	0.0
135551	2015-2016	0.0	0.0
135551	2016-2017	0.0	0.0
135551	2017-2018	441000.0	0.0
135551	2018-2019	453000.0	2.7210884353741496
135551	2019-2020	472000.0	4.194260485651214
135552	2009-2010	0.0	0.0
135552	2010-2011	0.0	0.0
135552	2011-2012	0.0	0.0
135552	2012-2013	0.0	0.0
135552	2013-2014	0.0	0.0
135552	2014-2015	0.0	0.0
135552	2015-2016	0.0	0.0
135552	2016-2017	0.0	0.0
135552	2017-2018	305000.0	0.0
135552	2018-2019	314000.0	2.9508196721311477
135552	2019-2020	327000.0	4.140127388535031
135553	2009-2010	0.0	0.0
135553	2010-2011	0.0	0.0
135553	2011-2012	0.0	0.0
135553	2012-2013	0.0	0.0
135553	2013-2014	0.0	0.0
135553	2014-2015	0.0	0.0
135553	2015-2016	0.0	0.0
135553	2016-2017	0.0	0.0
135553	2017-2018	441000.0	0.0
135553	2018-2019	453000.0	2.7210884353741496
135553	2019-2020	472000.0	4.194260485651214
135554	2009-2010	0.0	0.0
135554	2010-2011	0.0	0.0
135554	2011-2012	0.0	0.0
135554	2012-2013	0.0	0.0
135554	2013-2014	0.0	0.0
135554	2014-2015	0.0	0.0
135554	2015-2016	0.0	0.0
135554	2016-2017	0.0	0.0
135554	2017-2018	305000.0	0.0
135554	2018-2019	314000.0	2.9508196721311477
135554	2019-2020	327000.0	4.140127388535031
135555	2009-2010	0.0	0.0
135555	2010-2011	0.0	0.0
135555	2011-2012	0.0	0.0
135555	2012-2013	0.0	0.0
135555	2013-2014	0.0	0.0
135555	2014-2015	0.0	0.0
135555	2015-2016	0.0	0.0
135555	2016-2017	0.0	0.0
135555	2017-2018	441000.0	0.0
135555	2018-2019	453000.0	2.7210884353741496
135555	2019-2020	472000.0	4.194260485651214
135556	2009-2010	0.0	0.0
135556	2010-2011	0.0	0.0
135556	2011-2012	0.0	0.0
135556	2012-2013	0.0	0.0
135556	2013-2014	0.0	0.0
135556	2014-2015	0.0	0.0
135556	2015-2016	0.0	0.0
135556	2016-2017	0.0	0.0
135556	2017-2018	305000.0	0.0
135556	2018-2019	314000.0	2.9508196721311477
135556	2019-2020	327000.0	4.140127388535031
135561	2009-2010	0.0	0.0
135561	2010-2011	0.0	0.0
135561	2011-2012	0.0	0.0
135561	2012-2013	0.0	0.0
135561	2013-2014	0.0	0.0
135561	2014-2015	0.0	0.0
135561	2015-2016	0.0	0.0
135561	2016-2017	0.0	0.0
135561	2017-2018	478000.0	0.0
135561	2018-2019	491000.0	2.7196652719665275
135561	2019-2020	512000.0	4.276985743380855
135562	2009-2010	0.0	0.0
135562	2010-2011	0.0	0.0
135562	2011-2012	0.0	0.0
135562	2012-2013	0.0	0.0
135562	2013-2014	0.0	0.0
135562	2014-2015	0.0	0.0
135562	2015-2016	0.0	0.0
135562	2016-2017	0.0	0.0
135562	2017-2018	478000.0	0.0
135562	2018-2019	491000.0	2.7196652719665275
135562	2019-2020	512000.0	4.276985743380855
135563	2009-2010	0.0	0.0
135563	2010-2011	0.0	0.0
135563	2011-2012	0.0	0.0
135563	2012-2013	0.0	0.0
135563	2013-2014	0.0	0.0
135563	2014-2015	0.0	0.0
135563	2015-2016	0.0	0.0
135563	2016-2017	0.0	0.0
135563	2017-2018	662000.0	0.0
135563	2018-2019	681000.0	2.8700906344410875
135563	2019-2020	710000.0	4.258443465491924
135564	2009-2010	0.0	0.0
135564	2010-2011	0.0	0.0
135564	2011-2012	0.0	0.0
135564	2012-2013	0.0	0.0
135564	2013-2014	0.0	0.0
135564	2014-2015	0.0	0.0
135564	2015-2016	0.0	0.0
135564	2016-2017	0.0	0.0
135564	2017-2018	404000.0	0.0
135564	2018-2019	415000.0	2.722772277227723
135564	2019-2020	432000.0	4.096385542168675
135565	2009-2010	0.0	0.0
135565	2010-2011	0.0	0.0
135565	2011-2012	0.0	0.0
135565	2012-2013	0.0	0.0
135565	2013-2014	0.0	0.0
135565	2014-2015	0.0	0.0
135565	2015-2016	0.0	0.0
135565	2016-2017	0.0	0.0
135565	2017-2018	562000.0	0.0
135565	2018-2019	578000.0	2.8469750889679712
135565	2019-2020	602000.0	4.1522491349480966
135566	2009-2010	0.0	0.0
135566	2010-2011	0.0	0.0
135566	2011-2012	0.0	0.0
135566	2012-2013	0.0	0.0
135566	2013-2014	0.0	0.0
135566	2014-2015	0.0	0.0
135566	2015-2016	0.0	0.0
135566	2016-2017	0.0	0.0
135566	2017-2018	404000.0	0.0
135566	2018-2019	415000.0	2.722772277227723
135566	2019-2020	432000.0	4.096385542168675
135567	2009-2010	0.0	0.0
135567	2010-2011	0.0	0.0
135567	2011-2012	0.0	0.0
135567	2012-2013	0.0	0.0
135567	2013-2014	0.0	0.0
135567	2014-2015	0.0	0.0
135567	2015-2016	0.0	0.0
135567	2016-2017	0.0	0.0
135567	2017-2018	488000.0	0.0
135567	2018-2019	502000.0	2.8688524590163933
135567	2019-2020	523000.0	4.183266932270916
135568	2009-2010	0.0	0.0
135568	2010-2011	0.0	0.0
135568	2011-2012	0.0	0.0
135568	2012-2013	0.0	0.0
135568	2013-2014	0.0	0.0
135568	2014-2015	0.0	0.0
135568	2015-2016	0.0	0.0
135568	2016-2017	0.0	0.0
135568	2017-2018	404000.0	0.0
135568	2018-2019	415000.0	2.722772277227723
135568	2019-2020	432000.0	4.096385542168675
135569	2009-2010	0.0	0.0
135569	2010-2011	0.0	0.0
135569	2011-2012	0.0	0.0
135569	2012-2013	0.0	0.0
135569	2013-2014	0.0	0.0
135569	2014-2015	0.0	0.0
135569	2015-2016	0.0	0.0
135569	2016-2017	0.0	0.0
135569	2017-2018	488000.0	0.0
135569	2018-2019	502000.0	2.8688524590163933
135569	2019-2020	523000.0	4.183266932270916
135570	2009-2010	0.0	0.0
135570	2010-2011	0.0	0.0
135570	2011-2012	0.0	0.0
135570	2012-2013	0.0	0.0
135570	2013-2014	0.0	0.0
135570	2014-2015	0.0	0.0
135570	2015-2016	0.0	0.0
135570	2016-2017	0.0	0.0
135570	2017-2018	404000.0	0.0
135570	2018-2019	415000.0	2.722772277227723
135570	2019-2020	432000.0	4.096385542168675
135571	2009-2010	0.0	0.0
135571	2010-2011	0.0	0.0
135571	2011-2012	0.0	0.0
135571	2012-2013	0.0	0.0
135571	2013-2014	0.0	0.0
135571	2014-2015	0.0	0.0
135571	2015-2016	0.0	0.0
135571	2016-2017	0.0	0.0
135571	2017-2018	488000.0	0.0
135571	2018-2019	502000.0	2.8688524590163933
135571	2019-2020	523000.0	4.183266932270916
135692	2009-2010	0.0	0.0
135692	2010-2011	0.0	0.0
135692	2011-2012	0.0	0.0
135692	2012-2013	0.0	0.0
135692	2013-2014	0.0	0.0
135692	2014-2015	0.0	0.0
135692	2015-2016	0.0	0.0
135692	2016-2017	0.0	0.0
135692	2017-2018	494000.0	0.0
135692	2018-2019	508000.0	2.834008097165992
135692	2019-2020	529000.0	4.133858267716536
135702	2009-2010	0.0	0.0
135702	2010-2011	0.0	0.0
135702	2011-2012	0.0	0.0
135702	2012-2013	0.0	0.0
135702	2013-2014	0.0	0.0
135702	2014-2015	0.0	0.0
135702	2015-2016	0.0	0.0
135702	2016-2017	0.0	0.0
135702	2017-2018	499000.0	0.0
135702	2018-2019	513000.0	2.80561122244489
135702	2019-2020	535000.0	4.28849902534113
135714	2009-2010	0.0	0.0
135714	2010-2011	0.0	0.0
135714	2011-2012	0.0	0.0
135714	2012-2013	0.0	0.0
135714	2013-2014	0.0	0.0
135714	2014-2015	0.0	0.0
135714	2015-2016	0.0	0.0
135714	2016-2017	0.0	0.0
135714	2017-2018	478000.0	0.0
135714	2018-2019	491000.0	2.7196652719665275
135714	2019-2020	512000.0	4.276985743380855
135717	2009-2010	0.0	0.0
135717	2010-2011	0.0	0.0
135717	2011-2012	0.0	0.0
135717	2012-2013	0.0	0.0
135717	2013-2014	0.0	0.0
135717	2014-2015	0.0	0.0
135717	2015-2016	0.0	0.0
135717	2016-2017	0.0	0.0
135717	2017-2018	478000.0	0.0
135717	2018-2019	491000.0	2.7196652719665275
135717	2019-2020	512000.0	4.276985743380855
135727	2009-2010	0.0	0.0
135727	2010-2011	0.0	0.0
135727	2011-2012	0.0	0.0
135727	2012-2013	0.0	0.0
135727	2013-2014	0.0	0.0
135727	2014-2015	0.0	0.0
135727	2015-2016	0.0	0.0
135727	2016-2017	0.0	0.0
135727	2017-2018	478000.0	0.0
135727	2018-2019	491000.0	2.7196652719665275
135727	2019-2020	512000.0	4.276985743380855
135730	2009-2010	0.0	0.0
135730	2010-2011	0.0	0.0
135730	2011-2012	0.0	0.0
135730	2012-2013	0.0	0.0
135730	2013-2014	0.0	0.0
135730	2014-2015	0.0	0.0
135730	2015-2016	0.0	0.0
135730	2016-2017	0.0	0.0
135730	2017-2018	478000.0	0.0
135730	2018-2019	491000.0	2.7196652719665275
135730	2019-2020	512000.0	4.276985743380855
135737	2009-2010	0.0	0.0
135737	2010-2011	0.0	0.0
135737	2011-2012	0.0	0.0
135737	2012-2013	0.0	0.0
135737	2013-2014	0.0	0.0
135737	2014-2015	0.0	0.0
135737	2015-2016	0.0	0.0
135737	2016-2017	0.0	0.0
135737	2017-2018	478000.0	0.0
135737	2018-2019	491000.0	2.7196652719665275
135737	2019-2020	512000.0	4.276985743380855
135738	2009-2010	0.0	0.0
135738	2010-2011	0.0	0.0
135738	2011-2012	0.0	0.0
135738	2012-2013	0.0	0.0
135738	2013-2014	0.0	0.0
135738	2014-2015	0.0	0.0
135738	2015-2016	0.0	0.0
135738	2016-2017	0.0	0.0
135738	2017-2018	504000.0	0.0
135738	2018-2019	518000.0	2.7777777777777777
135738	2019-2020	540000.0	4.247104247104247
135739	2009-2010	0.0	0.0
135739	2010-2011	0.0	0.0
135739	2011-2012	0.0	0.0
135739	2012-2013	0.0	0.0
135739	2013-2014	0.0	0.0
135739	2014-2015	0.0	0.0
135739	2015-2016	0.0	0.0
135739	2016-2017	0.0	0.0
135739	2017-2018	478000.0	0.0
135739	2018-2019	491000.0	2.7196652719665275
135739	2019-2020	512000.0	4.276985743380855
135743	2009-2010	0.0	0.0
135743	2010-2011	0.0	0.0
135743	2011-2012	0.0	0.0
135743	2012-2013	0.0	0.0
135743	2013-2014	0.0	0.0
135743	2014-2015	0.0	0.0
135743	2015-2016	0.0	0.0
135743	2016-2017	0.0	0.0
135743	2017-2018	394000.0	0.0
135743	2018-2019	405000.0	2.7918781725888326
135743	2019-2020	422000.0	4.197530864197531
